id(integer) num(integer)
292 0
663 1
438 2
570 3
311 4
250 5
269 6
899 7
607 8
34 9
12 10
12 11
612 12
817 13
943 14
40 15
957 16
89 17
813 18
3 19
321 20
858 21
460 22
60 23
243 24
879 25
76 26
173 27
356 28
181 29
347 30
227 31
64 32
412 33
712 34
744 35
370 36
498 37
383 38
320 39
894 40
741 41
19 42
606 43
592 44
636 45
395 46
376 47
355 48
26 49
557 50
284 51
421 52
564 53
76 54
354 55
355 56
916 57
799 58
979 59
307 60
846 61
282 62
675 63
468 64
117 65
802 66
958 67
783 68
734 69
199 70
152 71
872 72
361 73
934 74
776 75
6 76
571 77
76 78
579 79
593 80
146 81
564 82
180 83
719 84
496 85
388 86
453 87
271 88
246 89
991 90
601 91
538 92
487 93
202 94
789 95
209 96
754 97
690 98
320 99
832 100
484 101
940 102
900 103
597 104
984 105
118 106
900 107
670 108
93 109
851 110
727 111
886 112
100 113
978 114
788 115
223 116
521 117
970 118
366 119
275 120
214 121
804 122
521 123
263 124
692 125
634 126
586 127
405 128
43 129
627 130
251 131
907 132
747 133
528 134
937 135
942 136
440 137
503 138
669 139
515 140
220 141
195 142
471 143
411 144
843 145
412 146
452 147
956 148
172 149
410 150
584 151
984 152
979 153
234 154
892 155
173 156
545 157
270 158
526 159
436 160
34 161
748 162
850 163
472 164
523 165
159 166
174 167
142 168
309 169
787 170
880 171
130 172
766 173
116 174
559 175
970 176
706 177
125 178
235 179
582 180
808 181
118 182
659 183
720 184
648 185
913 186
893 187
991 188
39 189
369 190
223 191
116 192
849 193
937 194
461 195
279 196
572 197
304 198
18 199
796 200
697 201
328 202
34 203
472 204
622 205
391 206
919 207
3 208
921 209
908 210
466 211
971 212
508 213
894 214
143 215
429 216
496 217
19 218
118 219
640 220
346 221
937 222
426 223
829 224
982 225
684 226
90 227
886 228
208 229
117 230
270 231
510 232
320 233
951 234
837 235
74 236
486 237
47 238
676 239
6 240
265 241
442 242
768 243
138 244
321 245
447 246
167 247
482 248
655 249
445 250
828 251
81 252
590 253
290 254
591 255
258 256
167 257
302 258
614 259
459 260
622 261
932 262
626 263
471 264
41 265
454 266
26 267
719 268
814 269
995 270
531 271
386 272
718 273
591 274
310 275
153 276
955 277
129 278
551 279
692 280
157 281
96 282
184 283
11 284
845 285
561 286
699 287
242 288
487 289
738 290
531 291
922 292
646 293
617 294
380 295
810 296
432 297
615 298
620 299
235 300
814 301
736 302
780 303
146 304
999 305
524 306
802 307
432 308
101 309
573 310
800 311
587 312
351 313
255 314
873 315
388 316
101 317
711 318
66 319
549 320
548 321
976 322
440 323
174 324
691 325
755 326
559 327
352 328
937 329
480 330
857 331
689 332
164 333
538 334
362 335
39 336
998 337
803 338
654 339
433 340
867 341
851 342
909 343
291 344
662 345
276 346
122 347
61 348
909 349
124 350
565 351
718 352
394 353
785 354
426 355
636 356
691 357
720 358
324 359
501 360
739 361
125 362
398 363
5 364
935 365
151 366
724 367
62 368
601 369
391 370
844 371
440 372
956 373
724 374
115 375
419 376
5 377
754 378
725 379
298 380
951 381
911 382
85 383
32 384
326 385
38 386
384 387
40 388
376 389
495 390
802 391
566 392
213 393
639 394
403 395
254 396
566 397
314 398
752 399
88 400
195 401
443 402
237 403
192 404
950 405
187 406
173 407
622 408
642 409
405 410
353 411
691 412
234 413
964 414
396 415
107 416
444 417
853 418
151 419
120 420
593 421
46 422
306 423
930 424
68 425
943 426
647 427
821 428
251 429
404 430
745 431
397 432
481 433
815 434
815 435
166 436
625 437
138 438
33 439
226 440
887 441
587 442
962 443
425 444
223 445
599 446
727 447
393 448
73 449
32 450
990 451
908 452
720 453
423 454
264 455
27 456
468 457
663 458
115 459
201 460
186 461
128 462
895 463
404 464
699 465
188 466
643 467
153 468
517 469
716 470
156 471
54 472
228 473
271 474
615 475
467 476
528 477
326 478
516 479
298 480
453 481
104 482
208 483
652 484
162 485
359 486
290 487
363 488
10 489
797 490
555 491
993 492
375 493
408 494
816 495
850 496
907 497
361 498
642 499
267 500
832 501
919 502
781 503
633 504
374 505
915 506
363 507
153 508
829 509
293 510
50 511
547 512
671 513
27 514
222 515
369 516
509 517
776 518
356 519
530 520
454 521
132 522
657 523
684 524
593 525
711 526
215 527
444 528
727 529
692 530
229 531
955 532
180 533
12 534
69 535
18 536
655 537
165 538
866 539
250 540
328 541
579 542
400 543
772 544
790 545
635 546
445 547
572 548
823 549
915 550
670 551
398 552
45 553
130 554
999 555
124 556
643 557
779 558
139 559
250 560
935 561
692 562
998 563
678 564
236 565
902 566
739 567
872 568
83 569
375 570
410 571
858 572
768 573
152 574
930 575
333 576
83 577
946 578
765 579
321 580
445 581
586 582
272 583
579 584
216 585
12 586
881 587
479 588
257 589
753 590
893 591
836 592
97 593
827 594
58 595
774 596
929 597
523 598
761 599
800 600
18 601
697 602
509 603
480 604
895 605
552 606
690 607
36 608
572 609
236 610
507 611
11 612
830 613
277 614
648 615
108 616
783 617
304 618
811 619
923 620
984 621
423 622
132 623
517 624
524 625
125 626
615 627
11 628
893 629
409 630
558 631
341 632
80 633
962 634
517 635
372 636
545 637
951 638
124 639
318 640
656 641
96 642
137 643
390 644
380 645
830 646
263 647
635 648
286 649
460 650
654 651
97 652
956 653
256 654
158 655
603 656
834 657
943 658
864 659
136 660
865 661
143 662
299 663
568 664
723 665
522 666
183 667
549 668
117 669
48 670
755 671
664 672
382 673
804 674
570 675
54 676
306 677
841 678
363 679
225 680
356 681
355 682
419 683
195 684
839 685
566 686
915 687
760 688
482 689
258 690
723 691
221 692
320 693
916 694
142 695
580 696
482 697
201 698
999 699
41 700
253 701
226 702
37 703
457 704
762 705
496 706
13 707
656 708
507 709
702 710
237 711
647 712
513 713
594 714
474 715
869 716
348 717
340 718
75 719
541 720
55 721
295 722
319 723
982 724
923 725
502 726
334 727
193 728
306 729
545 730
724 731
612 732
363 733
186 734
404 735
818 736
548 737
851 738
232 739
809 740
535 741
395 742
481 743
769 744
479 745
300 746
312 747
776 748
992 749
667 750
811 751
864 752
264 753
738 754
412 755
379 756
487 757
914 758
657 759
768 760
447 761
977 762
41 763
279 764
300 765
314 766
81 767
13 768
33 769
327 770
956 771
48 772
18 773
928 774
87 775
601 776
328 777
992 778
978 779
187 780
132 781
601 782
601 783
941 784
323 785
501 786
249 787
880 788
577 789
933 790
508 791
90 792
174 793
249 794
277 795
867 796
115 797
704 798
669 799
268 800
551 801
494 802
740 803
801 804
649 805
859 806
316 807
578 808
818 809
608 810
831 811
146 812
613 813
438 814
524 815
272 816
37 817
631 818
202 819
425 820
257 821
86 822
816 823
276 824
328 825
895 826
565 827
775 828
789 829
31 830
746 831
538 832
325 833
258 834
775 835
349 836
228 837
614 838
580 839
244 840
859 841
985 842
583 843
24 844
291 845
824 846
242 847
297 848
897 849
83 850
984 851
335 852
407 853
230 854
573 855
817 856
160 857
895 858
447 859
279 860
503 861
110 862
409 863
121 864
664 865
31 866
349 867
361 868
143 869
508 870
78 871
87 872
578 873
824 874
733 875
24 876
621 877
53 878
815 879
55 880
860 881
342 882
920 883
46 884
586 885
269 886
150 887
480 888
447 889
573 890
775 891
836 892
978 893
171 894
666 895
436 896
80 897
858 898
106 899
564 900
396 901
437 902
262 903
789 904
424 905
662 906
440 907
258 908
200 909
710 910
192 911
844 912
169 913
675 914
132 915
81 916
565 917
313 918
957 919
202 920
4 921
2 922
298 923
271 924
624 925
286 926
821 927
535 928
949 929
109 930
835 931
47 932
524 933
53 934
482 935
24 936
269 937
113 938
216 939
458 940
261 941
243 942
583 943
16 944
244 945
296 946
398 947
699 948
767 949
921 950
629 951
544 952
489 953
964 954
953 955
159 956
551 957
883 958
678 959
667 960
554 961
575 962
708 963
65 964
818 965
61 966
977 967
871 968
475 969
223 970
731 971
356 972
985 973
418 974
622 975
299 976
229 977
963 978
585 979
76 980
391 981
510 982
145 983
898 984
261 985
430 986
174 987
587 988
853 989
773 990
306 991
528 992
431 993
435 994
860 995
265 996
864 997
122 998
202 999
248 1000
885 1001
330 1002
762 1003
781 1004
928 1005
285 1006
354 1007
704 1008
825 1009
172 1010
720 1011
641 1012
214 1013
641 1014
558 1015
485 1016
972 1017
989 1018
102 1019
337 1020
222 1021
606 1022
361 1023
312 1024
454 1025
904 1026
501 1027
151 1028
761 1029
108 1030
979 1031
186 1032
776 1033
746 1034
163 1035
10 1036
684 1037
352 1038
486 1039
761 1040
82 1041
520 1042
705 1043
839 1044
837 1045
102 1046
395 1047
852 1048
993 1049
740 1050
585 1051
942 1052
458 1053
536 1054
627 1055
188 1056
180 1057
458 1058
720 1059
789 1060
213 1061
632 1062
211 1063
188 1064
230 1065
489 1066
114 1067
481 1068
510 1069
907 1070
860 1071
516 1072
299 1073
774 1074
620 1075
557 1076
247 1077
957 1078
243 1079
825 1080
446 1081
312 1082
160 1083
660 1084
382 1085
272 1086
131 1087
97 1088
972 1089
761 1090
124 1091
53 1092
794 1093
475 1094
214 1095
703 1096
573 1097
764 1098
327 1099
216 1100
176 1101
529 1102
832 1103
240 1104
317 1105
383 1106
500 1107
591 1108
837 1109
999 1110
248 1111
627 1112
384 1113
571 1114
713 1115
404 1116
905 1117
417 1118
338 1119
971 1120
415 1121
933 1122
936 1123
506 1124
227 1125
656 1126
881 1127
451 1128
793 1129
944 1130
160 1131
11 1132
53 1133
677 1134
802 1135
818 1136
879 1137
512 1138
74 1139
810 1140
874 1141
734 1142
419 1143
52 1144
432 1145
848 1146
860 1147
699 1148
542 1149
823 1150
197 1151
866 1152
661 1153
653 1154
846 1155
348 1156
807 1157
327 1158
207 1159
762 1160
961 1161
437 1162
367 1163
262 1164
563 1165
786 1166
537 1167
425 1168
890 1169
788 1170
177 1171
184 1172
223 1173
27 1174
258 1175
131 1176
964 1177
563 1178
851 1179
698 1180
649 1181
944 1182
188 1183
870 1184
908 1185
887 1186
937 1187
10 1188
566 1189
60 1190
981 1191
381 1192
576 1193
207 1194
678 1195
461 1196
123 1197
676 1198
213 1199
451 1200
727 1201
492 1202
790 1203
282 1204
837 1205
521 1206
52 1207
699 1208
285 1209
94 1210
194 1211
460 1212
641 1213
94 1214
936 1215
138 1216
181 1217
328 1218
677 1219
130 1220
797 1221
739 1222
150 1223
852 1224
283 1225
717 1226
865 1227
117 1228
167 1229
235 1230
530 1231
649 1232
685 1233
542 1234
59 1235
71 1236
459 1237
218 1238
145 1239
915 1240
760 1241
166 1242
278 1243
699 1244
216 1245
179 1246
531 1247
209 1248
144 1249
564 1250
892 1251
988 1252
543 1253
544 1254
780 1255
874 1256
489 1257
839 1258
944 1259
310 1260
698 1261
17 1262
845 1263
867 1264
634 1265
808 1266
877 1267
696 1268
229 1269
479 1270
829 1271
51 1272
510 1273
487 1274
51 1275
2 1276
75 1277
215 1278
912 1279
33 1280
389 1281
454 1282
615 1283
158 1284
505 1285
719 1286
171 1287
370 1288
255 1289
286 1290
783 1291
319 1292
920 1293
688 1294
996 1295
514 1296
503 1297
781 1298
111 1299
734 1300
300 1301
824 1302
669 1303
929 1304
279 1305
878 1306
452 1307
733 1308
589 1309
40 1310
636 1311
152 1312
124 1313
968 1314
275 1315
726 1316
538 1317
843 1318
817 1319
391 1320
13 1321
683 1322
811 1323
475 1324
195 1325
123 1326
215 1327
286 1328
13 1329
188 1330
191 1331
198 1332
27 1333
916 1334
795 1335
104 1336
722 1337
342 1338
866 1339
720 1340
66 1341
523 1342
646 1343
955 1344
958 1345
152 1346
845 1347
496 1348
927 1349
339 1350
725 1351
790 1352
690 1353
486 1354
543 1355
348 1356
55 1357
466 1358
635 1359
482 1360
83 1361
534 1362
335 1363
519 1364
285 1365
367 1366
809 1367
828 1368
221 1369
321 1370
503 1371
858 1372
188 1373
465 1374
522 1375
272 1376
590 1377
731 1378
888 1379
195 1380
166 1381
123 1382
529 1383
831 1384
936 1385
563 1386
640 1387
794 1388
433 1389
689 1390
885 1391
698 1392
139 1393
986 1394
424 1395
634 1396
377 1397
373 1398
621 1399
94 1400
285 1401
381 1402
502 1403
758 1404
695 1405
517 1406
712 1407
515 1408
75 1409
185 1410
508 1411
312 1412
23 1413
222 1414
320 1415
405 1416
432 1417
713 1418
461 1419
141 1420
383 1421
571 1422
888 1423
704 1424
965 1425
769 1426
619 1427
81 1428
321 1429
88 1430
577 1431
41 1432
205 1433
314 1434
552 1435
319 1436
762 1437
810 1438
384 1439
655 1440
279 1441
68 1442
99 1443
838 1444
825 1445
857 1446
38 1447
871 1448
472 1449
90 1450
73 1451
996 1452
311 1453
592 1454
257 1455
495 1456
704 1457
559 1458
207 1459
114 1460
943 1461
559 1462
460 1463
48 1464
68 1465
614 1466
604 1467
415 1468
418 1469
586 1470
221 1471
5 1472
171 1473
363 1474
783 1475
129 1476
347 1477
636 1478
89 1479
940 1480
642 1481
69 1482
636 1483
377 1484
949 1485
293 1486
594 1487
599 1488
963 1489
660 1490
55 1491
500 1492
360 1493
739 1494
936 1495
158 1496
272 1497
767 1498
384 1499
703 1500
101 1501
15 1502
950 1503
957 1504
338 1505
284 1506
374 1507
425 1508
874 1509
444 1510
703 1511
313 1512
446 1513
888 1514
993 1515
59 1516
499 1517
359 1518
753 1519
136 1520
389 1521
244 1522
6 1523
613 1524
48 1525
965 1526
103 1527
319 1528
655 1529
127 1530
597 1531
887 1532
439 1533
446 1534
416 1535
761 1536
895 1537
339 1538
986 1539
803 1540
979 1541
774 1542
173 1543
920 1544
541 1545
376 1546
675 1547
299 1548
363 1549
137 1550
818 1551
781 1552
250 1553
19 1554
20 1555
489 1556
6 1557
578 1558
880 1559
628 1560
33 1561
671 1562
748 1563
305 1564
230 1565
236 1566
461 1567
645 1568
908 1569
61 1570
515 1571
899 1572
738 1573
389 1574
730 1575
22 1576
335 1577
664 1578
433 1579
513 1580
244 1581
880 1582
174 1583
941 1584
463 1585
992 1586
325 1587
683 1588
706 1589
165 1590
104 1591
228 1592
353 1593
618 1594
426 1595
909 1596
488 1597
494 1598
559 1599
550 1600
383 1601
4 1602
797 1603
706 1604
850 1605
193 1606
460 1607
467 1608
607 1609
433 1610
180 1611
657 1612
849 1613
111 1614
475 1615
389 1616
894 1617
332 1618
394 1619
256 1620
111 1621
557 1622
54 1623
34 1624
110 1625
158 1626
555 1627
760 1628
677 1629
17 1630
342 1631
292 1632
534 1633
398 1634
902 1635
816 1636
47 1637
587 1638
290 1639
734 1640
755 1641
41 1642
692 1643
523 1644
233 1645
153 1646
866 1647
733 1648
979 1649
909 1650
494 1651
121 1652
438 1653
989 1654
96 1655
207 1656
550 1657
921 1658
670 1659
74 1660
745 1661
289 1662
417 1663
209 1664
345 1665
529 1666
492 1667
167 1668
157 1669
792 1670
145 1671
430 1672
426 1673
549 1674
879 1675
27 1676
93 1677
856 1678
893 1679
974 1680
795 1681
54 1682
500 1683
208 1684
69 1685
997 1686
937 1687
916 1688
241 1689
26 1690
208 1691
419 1692
822 1693
958 1694
786 1695
797 1696
878 1697
820 1698
846 1699
871 1700
963 1701
214 1702
888 1703
429 1704
283 1705
464 1706
507 1707
242 1708
571 1709
220 1710
782 1711
741 1712
615 1713
383 1714
38 1715
844 1716
452 1717
570 1718
662 1719
629 1720
164 1721
638 1722
481 1723
914 1724
467 1725
545 1726
970 1727
40 1728
578 1729
461 1730
403 1731
48 1732
642 1733
880 1734
737 1735
804 1736
823 1737
370 1738
12 1739
803 1740
260 1741
622 1742
111 1743
778 1744
725 1745
649 1746
229 1747
468 1748
144 1749
822 1750
256 1751
340 1752
902 1753
650 1754
382 1755
950 1756
929 1757
397 1758
614 1759
600 1760
661 1761
160 1762
439 1763
942 1764
54 1765
801 1766
165 1767
769 1768
543 1769
272 1770
626 1771
954 1772
529 1773
629 1774
95 1775
860 1776
377 1777
288 1778
293 1779
271 1780
136 1781
468 1782
964 1783
404 1784
613 1785
751 1786
684 1787
9 1788
32 1789
25 1790
90 1791
362 1792
384 1793
873 1794
96 1795
717 1796
179 1797
342 1798
29 1799
544 1800
752 1801
473 1802
550 1803
881 1804
594 1805
584 1806
740 1807
913 1808
822 1809
194 1810
734 1811
276 1812
961 1813
650 1814
151 1815
741 1816
685 1817
110 1818
354 1819
467 1820
348 1821
999 1822
533 1823
82 1824
641 1825
803 1826
292 1827
914 1828
832 1829
139 1830
477 1831
683 1832
187 1833
671 1834
249 1835
759 1836
762 1837
416 1838
983 1839
717 1840
447 1841
235 1842
906 1843
20 1844
577 1845
190 1846
732 1847
556 1848
992 1849
654 1850
412 1851
825 1852
46 1853
552 1854
971 1855
321 1856
474 1857
964 1858
446 1859
661 1860
396 1861
765 1862
656 1863
803 1864
178 1865
872 1866
331 1867
414 1868
69 1869
830 1870
634 1871
923 1872
524 1873
734 1874
727 1875
30 1876
782 1877
997 1878
958 1879
843 1880
552 1881
292 1882
636 1883
531 1884
711 1885
676 1886
466 1887
193 1888
307 1889
300 1890
794 1891
146 1892
58 1893
697 1894
978 1895
614 1896
790 1897
503 1898
710 1899
673 1900
950 1901
579 1902
314 1903
340 1904
622 1905
59 1906
223 1907
387 1908
696 1909
783 1910
187 1911
79 1912
846 1913
327 1914
418 1915
628 1916
243 1917
362 1918
831 1919
422 1920
163 1921
594 1922
565 1923
251 1924
969 1925
144 1926
671 1927
307 1928
599 1929
83 1930
129 1931
178 1932
839 1933
20 1934
844 1935
209 1936
664 1937
902 1938
32 1939
454 1940
9 1941
170 1942
986 1943
923 1944
349 1945
748 1946
942 1947
153 1948
558 1949
685 1950
354 1951
452 1952
396 1953
604 1954
187 1955
412 1956
867 1957
480 1958
627 1959
705 1960
772 1961
62 1962
537 1963
332 1964
709 1965
265 1966
390 1967
569 1968
586 1969
831 1970
579 1971
340 1972
206 1973
149 1974
109 1975
311 1976
801 1977
241 1978
111 1979
663 1980
619 1981
391 1982
333 1983
650 1984
374 1985
732 1986
565 1987
416 1988
433 1989
279 1990
670 1991
424 1992
509 1993
55 1994
713 1995
237 1996
537 1997
592 1998
128 1999
96 2000
26 2001
403 2002
230 2003
493 2004
146 2005
922 2006
550 2007
222 2008
527 2009
860 2010
263 2011
730 2012
193 2013
517 2014
605 2015
788 2016
808 2017
585 2018
202 2019
326 2020
194 2021
906 2022
531 2023
796 2024
706 2025
390 2026
685 2027
506 2028
411 2029
895 2030
593 2031
977 2032
6 2033
990 2034
159 2035
138 2036
230 2037
608 2038
62 2039
170 2040
79 2041
971 2042
788 2043
863 2044
670 2045
688 2046
97 2047
277 2048
593 2049
718 2050
181 2051
199 2052
236 2053
907 2054
186 2055
914 2056
538 2057
185 2058
194 2059
948 2060
391 2061
57 2062
493 2063
807 2064
912 2065
926 2066
970 2067
60 2068
274 2069
628 2070
461 2071
135 2072
796 2073
305 2074
215 2075
769 2076
149 2077
155 2078
866 2079
811 2080
194 2081
978 2082
419 2083
726 2084
649 2085
408 2086
862 2087
293 2088
493 2089
82 2090
562 2091
948 2092
740 2093
13 2094
997 2095
75 2096
683 2097
796 2098
125 2099
222 2100
842 2101
947 2102
608 2103
356 2104
671 2105
104 2106
481 2107
759 2108
643 2109
643 2110
39 2111
715 2112
83 2113
62 2114
430 2115
598 2116
75 2117
705 2118
839 2119
107 2120
881 2121
741 2122
963 2123
318 2124
256 2125
514 2126
410 2127
122 2128
656 2129
983 2130
409 2131
725 2132
905 2133
390 2134
944 2135
535 2136
678 2137
965 2138
242 2139
451 2140
900 2141
930 2142
712 2143
874 2144
694 2145
341 2146
104 2147
405 2148
230 2149
585 2150
681 2151
536 2152
152 2153
887 2154
732 2155
325 2156
754 2157
755 2158
894 2159
930 2160
990 2161
584 2162
237 2163
587 2164
237 2165
648 2166
965 2167
516 2168
621 2169
397 2170
544 2171
754 2172
474 2173
635 2174
494 2175
691 2176
782 2177
929 2178
405 2179
247 2180
156 2181
233 2182
137 2183
727 2184
855 2185
206 2186
542 2187
877 2188
244 2189
908 2190
530 2191
902 2192
838 2193
709 2194
453 2195
402 2196
488 2197
369 2198
355 2199
39 2200
138 2201
951 2202
248 2203
621 2204
592 2205
148 2206
991 2207
489 2208
580 2209
339 2210
468 2211
198 2212
949 2213
832 2214
417 2215
600 2216
104 2217
181 2218
20 2219
678 2220
915 2221
957 2222
405 2223
376 2224
13 2225
335 2226
293 2227
450 2228
491 2229
92 2230
495 2231
922 2232
668 2233
1 2234
891 2235
551 2236
298 2237
52 2238
643 2239
69 2240
381 2241
608 2242
559 2243
446 2244
95 2245
726 2246
687 2247
417 2248
292 2249
816 2250
72 2251
958 2252
684 2253
467 2254
281 2255
906 2256
90 2257
626 2258
668 2259
342 2260
46 2261
205 2262
60 2263
449 2264
524 2265
886 2266
839 2267
947 2268
102 2269
986 2270
5 2271
669 2272
787 2273
922 2274
619 2275
250 2276
132 2277
951 2278
682 2279
572 2280
139 2281
303 2282
685 2283
19 2284
20 2285
264 2286
369 2287
628 2288
774 2289
891 2290
543 2291
748 2292
806 2293
495 2294
191 2295
682 2296
265 2297
426 2298
488 2299
125 2300
944 2301
939 2302
212 2303
172 2304
478 2305
201 2306
809 2307
958 2308
501 2309
594 2310
257 2311
144 2312
611 2313
556 2314
768 2315
159 2316
264 2317
16 2318
19 2319
334 2320
985 2321
569 2322
771 2323
901 2324
552 2325
663 2326
263 2327
558 2328
8 2329
536 2330
838 2331
412 2332
838 2333
370 2334
439 2335
615 2336
307 2337
930 2338
768 2339
916 2340
3 2341
795 2342
227 2343
258 2344
332 2345
473 2346
368 2347
979 2348
853 2349
401 2350
349 2351
818 2352
633 2353
159 2354
110 2355
496 2356
277 2357
90 2358
657 2359
640 2360
344 2361
985 2362
580 2363
286 2364
26 2365
732 2366
998 2367
696 2368
47 2369
387 2370
747 2371
47 2372
62 2373
628 2374
951 2375
884 2376
520 2377
88 2378
82 2379
954 2380
368 2381
335 2382
965 2383
103 2384
698 2385
712 2386
773 2387
503 2388
438 2389
473 2390
713 2391
103 2392
934 2393
150 2394
701 2395
900 2396
845 2397
556 2398
797 2399
600 2400
4 2401
733 2402
677 2403
314 2404
873 2405
65 2406
509 2407
146 2408
608 2409
706 2410
249 2411
629 2412
419 2413
373 2414
825 2415
863 2416
300 2417
268 2418
751 2419
927 2420
676 2421
443 2422
986 2423
349 2424
743 2425
410 2426
929 2427
475 2428
621 2429
422 2430
160 2431
576 2432
899 2433
398 2434
762 2435
697 2436
718 2437
941 2438
110 2439
650 2440
695 2441
545 2442
55 2443
33 2444
783 2445
923 2446
206 2447
562 2448
48 2449
817 2450
488 2451
611 2452
872 2453
804 2454
125 2455
87 2456
219 2457
758 2458
713 2459
342 2460
297 2461
331 2462
466 2463
972 2464
517 2465
838 2466
327 2467
775 2468
856 2469
629 2470
86 2471
522 2472
657 2473
741 2474
642 2475
985 2476
968 2477
892 2478
986 2479
377 2480
885 2481
209 2482
431 2483
221 2484
195 2485
514 2486
804 2487
257 2488
251 2489
830 2490
918 2491
262 2492
971 2493
643 2494
760 2495
313 2496
664 2497
61 2498
201 2499
41 2500
34 2501
607 2502
983 2503
859 2504
402 2505
164 2506
376 2507
852 2508
397 2509
328 2510
97 2511
411 2512
606 2513
516 2514
236 2515
887 2516
180 2517
713 2518
867 2519
962 2520
130 2521
572 2522
313 2523
744 2524
852 2525
401 2526
278 2527
200 2528
45 2529
489 2530
27 2531
346 2532
551 2533
901 2534
241 2535
544 2536
653 2537
475 2538
790 2539
502 2540
674 2541
719 2542
20 2543
369 2544
993 2545
632 2546
66 2547
599 2548
88 2549
445 2550
299 2551
879 2552
454 2553
324 2554
67 2555
809 2556
45 2557
909 2558
690 2559
678 2560
607 2561
853 2562
304 2563
117 2564
523 2565
733 2566
950 2567
468 2568
612 2569
167 2570
859 2571
975 2572
691 2573
89 2574
916 2575
306 2576
5 2577
536 2578
103 2579
845 2580
779 2581
300 2582
317 2583
625 2584
265 2585
566 2586
928 2587
67 2588
488 2589
439 2590
335 2591
200 2592
671 2593
790 2594
368 2595
499 2596
748 2597
876 2598
804 2599
347 2600
888 2601
30 2602
265 2603
600 2604
365 2605
587 2606
934 2607
411 2608
166 2609
977 2610
898 2611
949 2612
716 2613
530 2614
913 2615
606 2616
596 2617
729 2618
620 2619
930 2620
470 2621
123 2622
270 2623
836 2624
172 2625
650 2626
901 2627
610 2628
181 2629
360 2630
874 2631
297 2632
976 2633
746 2634
557 2635
639 2636
972 2637
926 2638
97 2639
89 2640
411 2641
40 2642
884 2643
418 2644
341 2645
31 2646
384 2647
244 2648
972 2649
598 2650
516 2651
116 2652
116 2653
865 2654
353 2655
347 2656
426 2657
967 2658
200 2659
293 2660
228 2661
685 2662
358 2663
234 2664
145 2665
881 2666
219 2667
157 2668
766 2669
199 2670
842 2671
68 2672
375 2673
131 2674
465 2675
769 2676
948 2677
478 2678
894 2679
67 2680
208 2681
976 2682
972 2683
537 2684
314 2685
811 2686
975 2687
702 2688
965 2689
502 2690
44 2691
705 2692
360 2693
901 2694
545 2695
832 2696
502 2697
538 2698
255 2699
6 2700
437 2701
857 2702
873 2703
349 2704
594 2705
706 2706
810 2707
662 2708
76 2709
750 2710
824 2711
909 2712
853 2713
831 2714
752 2715
726 2716
753 2717
566 2718
212 2719
341 2720
754 2721
118 2722
108 2723
496 2724
95 2725
179 2726
111 2727
69 2728
72 2729
23 2730
796 2731
509 2732
605 2733
204 2734
192 2735
870 2736
668 2737
793 2738
531 2739
74 2740
711 2741
741 2742
390 2743
368 2744
753 2745
922 2746
424 2747
62 2748
355 2749
313 2750
537 2751
388 2752
923 2753
370 2754
873 2755
748 2756
132 2757
782 2758
423 2759
935 2760
810 2761
881 2762
243 2763
530 2764
459 2765
747 2766
620 2767
991 2768
109 2769
82 2770
780 2771
402 2772
453 2773
270 2774
439 2775
465 2776
680 2777
755 2778
177 2779
433 2780
153 2781
303 2782
403 2783
103 2784
370 2785
608 2786
600 2787
681 2788
928 2789
601 2790
89 2791
73 2792
459 2793
745 2794
283 2795
613 2796
757 2797
618 2798
902 2799
960 2800
698 2801
450 2802
629 2803
118 2804
362 2805
334 2806
185 2807
515 2808
580 2809
943 2810
240 2811
307 2812
166 2813
216 2814
135 2815
100 2816
731 2817
318 2818
865 2819
510 2820
25 2821
663 2822
67 2823
674 2824
251 2825
216 2826
333 2827
657 2828
201 2829
527 2830
289 2831
173 2832
68 2833
936 2834
286 2835
431 2836
202 2837
278 2838
598 2839
305 2840
334 2841
824 2842
846 2843
291 2844
215 2845
767 2846
398 2847
969 2848
453 2849
131 2850
44 2851
573 2852
886 2853
692 2854
4 2855
921 2856
540 2857
425 2858
605 2859
474 2860
755 2861
307 2862
485 2863
179 2864
747 2865
346 2866
767 2867
737 2868
181 2869
712 2870
789 2871
174 2872
341 2873
239 2874
271 2875
782 2876
139 2877
759 2878
377 2879
278 2880
747 2881
139 2882
17 2883
925 2884
296 2885
901 2886
787 2887
367 2888
726 2889
859 2890
648 2891
474 2892
456 2893
362 2894
25 2895
109 2896
825 2897
131 2898
366 2899
95 2900
944 2901
254 2902
773 2903
888 2904
878 2905
102 2906
650 2907
552 2908
689 2909
992 2910
397 2911
935 2912
284 2913
118 2914
769 2915
573 2916
510 2917
284 2918
285 2919
251 2920
927 2921
160 2922
740 2923
775 2924
237 2925
431 2926
382 2927
795 2928
482 2929
817 2930
835 2931
998 2932
457 2933
432 2934
291 2935
76 2936
682 2937
677 2938
333 2939
776 2940
969 2941
326 2942
375 2943
867 2944
874 2945
61 2946
719 2947
853 2948
558 2949
495 2950
705 2951
165 2952
823 2953
993 2954
209 2955
464 2956
811 2957
345 2958
607 2959
80 2960
797 2961
356 2962
264 2963
440 2964
852 2965
447 2966
633 2967
229 2968
473 2969
25 2970
647 2971
522 2972
776 2973
305 2974
846 2975
178 2976
348 2977
635 2978
167 2979
377 2980
137 2981
664 2982
334 2983
710 2984
440 2985
145 2986
993 2987
766 2988
580 2989
134 2990
746 2991
34 2992
278 2993
428 2994
220 2995
418 2996
