id(integer) x(integer)
0 8926
1 3458
2 120
3 9824
4 5517
5 36
6 8916
7 3470
8 40
9 4272
10 5163
11 6449
12 6148
13 7807
14 5016
15 3004
16 2649
17 8157
18 2296
19 6969
20 1603
21 3647
22 4146
23 1224
24 5684
25 1213
26 2994
27 6083
28 7620
29 2140
30 7626
31 4020
32 3116
33 666
34 1354
35 6924
36 4753
37 2734
38 8349
39 5695
40 9149
41 4948
42 4411
43 3968
44 6879
45 2894
46 153
47 9011
48 7908
49 9671
50 8009
51 489
52 1921
53 1688
54 5262
55 4402
56 8335
57 3883
58 3795
59 8007
60 2210
61 9518
62 7202
63 3368
64 1847
65 5431
66 3576
67 257
68 2281
69 5350
70 9925
71 5840
72 7361
73 5980
74 9627
75 7124
76 6692
77 5780
78 8799
79 5250
80 2392
81 9550
82 6361
83 8331
84 7549
85 7539
86 8501
87 1340
88 8450
89 8823
90 5359
91 7900
92 4168
93 1090
94 152
95 9410
96 5071
97 6626
98 848
99 2347
100 3219
101 8126
102 4037
103 6411
104 1530
105 3212
106 765
107 5280
108 9529
109 5823
110 9964
111 3776
112 1480
113 4331
114 7189
115 4242
116 2307
117 7826
118 1840
119 6547
120 4582
121 4266
122 2978
123 698
124 4216
125 7681
126 5051
127 4227
128 5960
129 1049
130 8200
131 7827
132 138
133 7116
134 7121
135 5105
136 9506
137 2482
138 7675
139 9382
140 5112
141 8392
142 6119
143 9348
144 5224
145 5916
146 6475
147 3591
148 1961
149 7803
150 95
151 6789
152 1931
153 6194
154 2988
155 9674
156 56
157 8189
158 9646
159 8995
160 7002
161 7351
162 3530
163 5920
164 6918
165 4096
166 5416
167 7197
168 8557
169 7613
170 3203
171 9896
172 2110
173 3277
174 580
175 9578
176 3636
177 5210
178 8909
179 2029
180 129
181 5459
182 7700
183 3159
184 8272
185 4756
186 9424
187 1261
188 1981
189 2047
190 1564
191 2349
192 9473
193 9330
194 4681
195 9851
196 5902
197 1866
198 3728
199 7097
200 4886
201 8543
202 3065
203 4442
204 7812
205 5729
206 7039
207 7386
208 7429
209 7069
210 5042
211 868
212 6834
213 916
214 4468
215 5655
216 4997
217 4317
218 1161
219 3373
220 498
221 7244
222 3474
223 4741
224 361
225 9045
226 2134
227 3667
228 3020
229 6182
230 2472
231 7964
232 9445
233 4220
234 1216
235 6614
236 6305
237 4863
238 551
239 4966
240 1713
241 8308
242 4926
243 8508
244 942
245 5593
246 5218
247 3390
248 3850
249 6245
250 4639
251 9161
252 9745
253 9628
254 7963
255 3610
256 7921
257 8979
258 192
259 9592
260 2171
261 5201
262 8127
263 4199
264 3768
265 404
266 6218
267 9002
268 264
269 62
270 8425
271 2445
272 2657
273 656
274 7576
275 2829
276 5418
277 7137
278 9536
279 9789
280 4696
281 3510
282 6883
283 8062
284 6203
285 1481
286 5144
287 8717
288 5203
289 778
290 9989
291 7927
292 4784
293 5617
294 5751
295 3620
296 7593
297 1613
298 9974
299 4627
300 8610
301 5583
302 1816
303 4859
304 473
305 9158
306 7128
307 6930
308 923
309 4436
310 6858
311 9961
312 715
313 5925
314 6020
315 6711
316 7080
317 5623
318 3945
319 4042
320 7734
321 7290
322 8731
323 7141
324 8935
325 8330
326 7617
327 559
328 7331
329 3772
330 6246
331 9863
332 2866
333 9214
334 7724
335 4447
336 7413
337 4344
338 3754
339 2073
340 1373
341 2802
342 529
343 5771
344 5272
345 3855
346 5254
347 6223
348 5426
349 4181
350 9497
351 793
352 8139
353 7733
354 7955
355 8016
356 1362
357 2214
358 5553
359 5202
360 1507
361 1226
362 6667
363 3283
364 543
365 3668
366 7432
367 7204
368 2680
369 6770
370 1983
371 2127
372 6191
373 7999
374 6996
375 1800
376 9409
377 756
378 2057
379 7973
380 820
381 4544
382 2355
383 675
384 2311
385 9599
386 7544
387 7167
388 4907
389 5217
390 3346
391 6960
392 4718
393 4585
394 9638
395 5122
396 6323
397 7875
398 4064
399 4666
400 3114
401 7839
402 1589
403 3462
404 7406
405 4693
406 60
407 2756
408 1895
409 143
410 9556
411 1423
412 1042
413 6636
414 1580
415 3677
416 9138
417 1807
418 3398
419 548
420 3052
421 6577
422 9589
423 2007
424 1926
425 3926
426 3992
427 3081
428 993
429 2563
430 7821
431 7219
432 7179
433 4084
434 7251
435 512
436 1287
437 1278
438 9254
439 8132
440 3174
441 729
442 2762
443 8022
444 4088
445 9114
446 890
447 9088
448 2853
449 4103
450 7472
451 7982
452 1059
453 1880
454 2692
455 1055
456 1273
457 1909
458 2689
459 3818
460 7926
461 5708
462 6898
463 6553
464 1749
465 5385
466 2818
467 8014
468 8067
469 1361
470 1033
471 307
472 5646
473 1358
474 6679
475 5128
476 8813
477 4508
478 1289
479 3247
480 6117
481 3264
482 4922
483 7588
484 1504
485 7328
486 5098
487 4811
488 5085
489 8711
490 8875
491 5399
492 5949
493 8434
494 2562
495 6295
496 3851
497 9802
498 4474
499 3248
500 4428
501 9767
502 502
503 8671
504 3651
505 887
506 6300
507 2094
508 4557
509 6897
510 8841
511 2717
512 9401
513 4433
514 8687
515 1893
516 6038
517 8079
518 7659
519 9612
520 4911
521 8969
522 3310
523 3701
524 8194
525 4921
526 3280
527 1849
528 6033
529 1692
530 217
531 7414
532 7104
533 4376
534 8605
535 4478
536 963
537 3948
538 9942
539 4215
540 731
541 104
542 381
543 3704
544 8084
545 3227
546 2148
547 6416
548 9062
549 385
550 8996
551 5211
552 2485
553 7111
554 747
555 6299
556 2522
557 6125
558 2571
559 2535
560 5
561 2115
562 6572
563 5537
564 707
565 8715
566 1845
567 8560
568 2152
569 8800
570 3719
571 9276
572 8630
573 6998
574 5169
575 8707
576 4244
577 1535
578 6929
579 9559
580 8490
581 2757
582 6494
583 4251
584 583
585 2377
586 6462
587 208
588 8173
589 8405
590 6477
591 9231
592 3846
593 8948
594 9504
595 7465
596 1594
597 1767
598 3184
599 7749
600 9185
601 7604
602 6733
603 9503
604 5779
605 6778
606 8712
607 671
608 6785
609 3858
610 6205
611 5482
612 4345
613 6207
614 1210
615 8850
616 5870
617 9293
618 8449
619 4757
620 6872
621 1753
622 2079
623 907
624 8123
625 8171
626 3871
627 2262
628 3218
629 1722
630 1817
631 5558
632 6865
633 2686
634 3607
635 4730
636 3654
637 4497
638 7292
639 1139
640 233
641 7991
642 7060
643 384
644 6884
645 3594
646 8285
647 9639
648 203
649 9625
650 1642
651 3418
652 4782
653 8246
654 5021
655 3122
656 8522
657 8217
658 3564
659 9209
660 3364
661 588
662 5639
663 4550
664 7605
665 9278
666 3890
667 8329
668 8353
669 6155
670 6221
671 4880
672 8558
673 6690
674 3633
675 1022
676 9081
677 5929
678 5050
679 409
680 3394
681 911
682 6516
683 9153
684 5101
685 8337
686 2807
687 2603
688 8922
689 3553
690 1919
691 8503
692 8433
693 1093
694 6978
695 2759
696 998
697 4940
698 5540
699 845
700 299
701 4925
702 9437
703 6165
704 7838
705 3997
706 1621
707 1080
708 7623
709 8320
710 5750
711 9872
712 252
713 9375
714 4739
715 9471
716 4857
717 1587
718 360
719 4294
720 7783
721 4755
722 285
723 7672
724 3771
725 3316
726 9433
727 1208
728 8587
729 3185
730 3673
731 5270
732 4054
733 6554
734 4633
735 4507
736 3270
737 5514
738 3161
739 1328
740 1467
741 2582
742 5066
743 8641
744 8457
745 474
746 2271
747 9403
748 2446
749 5804
750 7748
751 295
752 935
753 1396
754 3514
755 7965
756 5842
757 3766
758 2369
759 8047
760 3237
761 5654
762 5676
763 46
764 4797
765 932
766 202
767 8039
768 6401
769 5746
770 5662
771 4988
772 6144
773 1011
774 7231
775 184
776 1760
777 8538
778 891
779 1781
780 75
781 4501
782 8265
783 8583
784 1796
785 1425
786 1069
787 6911
788 1191
789 3915
790 1411
791 8873
792 3669
793 8125
794 330
795 6290
796 3949
797 1676
798 9610
799 7943
800 2812
801 3993
802 9985
803 5705
804 955
805 6688
806 9924
807 2624
808 1041
809 1744
810 6859
811 6957
812 3070
813 4041
814 2548
815 2698
816 6277
817 8855
818 1516
819 9077
820 3304
821 8859
822 2528
823 3773
824 6059
825 802
826 3857
827 4429
828 2832
829 8513
830 1541
831 5200
832 2906
833 2557
834 1066
835 1751
836 8758
837 7441
838 7028
839 1118
840 1848
841 1560
842 989
843 9090
844 1521
845 5885
846 3017
847 3953
848 103
849 8827
850 3793
851 7707
852 1783
853 4257
854 6071
855 6888
856 1654
857 7134
858 6243
859 6279
860 3907
861 5186
862 7565
863 2625
864 9257
865 8880
866 4197
867 8271
868 7930
869 5793
870 8527
871 7152
872 61
873 5510
874 3524
875 4482
876 1188
877 9277
878 6488
879 2020
880 4354
881 9664
882 9481
883 7102
884 8990
885 9756
886 9718
887 6070
888 8735
889 4568
890 2921
891 5667
892 2858
893 5578
894 495
895 2393
896 8802
897 1054
898 6779
899 3066
900 1833
901 9006
902 6048
903 333
904 849
905 9340
906 4518
907 5559
908 8819
909 6441
910 4923
911 2640
912 5734
913 1624
914 930
915 7440
916 1356
917 5130
918 5239
919 486
920 2511
921 1628
922 403
923 9890
924 1780
925 8158
926 8375
927 2856
928 9224
929 9576
930 4628
931 4900
932 2623
933 255
934 3308
935 9721
936 5285
937 9003
938 9178
939 4000
940 8166
941 3777
942 3821
943 7867
944 5826
945 6365
946 3561
947 2198
948 7649
949 9928
950 5274
951 8264
952 7906
953 447
954 9120
955 1798
956 1725
957 1496
958 6763
959 8611
960 2068
961 5267
962 3477
963 6321
964 4245
965 5263
966 2092
967 6011
968 9719
969 4494
970 2901
971 723
972 2552
973 2039
974 711
975 6032
976 7885
977 5013
978 4160
979 1518
980 7711
981 8382
982 5601
983 7350
984 6540
985 7810
986 662
987 1584
988 2510
989 6115
990 7717
991 4279
992 6824
993 3747
994 3706
995 9013
996 6351
997 6801
998 331
999 6529
1000 3763
1001 3115
1002 9218
1003 6363
1004 3321
1005 578
1006 1680
1007 4885
1008 470
1009 2636
1010 670
1011 5981
1012 8175
1013 9267
1014 3130
1015 371
1016 6418
1017 182
1018 7064
1019 1906
1020 7492
1021 8159
1022 8818
1023 7285
1024 6768
1025 7356
1026 8755
1027 821
1028 4382
1029 7957
1030 945
1031 4022
1032 2715
1033 306
1034 327
1035 9354
1036 2880
1037 6350
1038 785
1039 2116
1040 2464
1041 2082
1042 7567
1043 3112
1044 9222
1045 4964
1046 9698
1047 5605
1048 5321
1049 9854
1050 2604
1051 2843
1052 5508
1053 2432
1054 647
1055 6531
1056 6882
1057 313
1058 5023
1059 6826
1060 7942
1061 3918
1062 7987
1063 3963
1064 584
1065 8638
1066 7961
1067 9358
1068 7736
1069 4196
1070 8170
1071 292
1072 3063
1073 7648
1074 273
1075 7811
1076 35
1077 7979
1078 1818
1079 4440
1080 5479
1081 6530
1082 30
1083 4965
1084 3689
1085 8104
1086 5903
1087 8223
1088 4208
1089 3582
1090 2967
1091 9025
1092 3865
1093 6037
1094 3389
1095 6522
1096 3989
1097 9082
1098 620
1099 4621
1100 6869
1101 5115
1102 7180
1103 363
1104 8466
1105 914
1106 7954
1107 1397
1108 9748
1109 7280
1110 7191
1111 2975
1112 959
1113 9810
1114 1101
1115 6646
1116 9194
1117 4407
1118 89
1119 6265
1120 7466
1121 4637
1122 1489
1123 1454
1124 1317
1125 3557
1126 164
1127 3271
1128 4618
1129 657
1130 9163
1131 1679
1132 7911
1133 8240
1134 7898
1135 9268
1136 7761
1137 4898
1138 6800
1139 2610
1140 7901
1141 3378
1142 9623
1143 3727
1144 7642
1145 2067
1146 1958
1147 6648
1148 1077
1149 8162
1150 1371
1151 2465
1152 8879
1153 555
1154 1706
1155 6137
1156 6311
1157 3957
1158 2224
1159 6424
1160 2443
1161 9982
1162 4823
1163 1428
1164 6831
1165 2527
1166 5410
1167 2360
1168 3678
1169 346
1170 9373
1171 9801
1172 1930
1173 2235
1174 1088
1175 7609
1176 2283
1177 5958
1178 1729
1179 2055
1180 2910
1181 372
1182 5374
1183 4013
1184 3433
1185 3033
1186 1075
1187 9005
1188 8462
1189 4086
1190 3330
1191 6546
1192 8903
1193 8491
1194 1743
1195 6466
1196 6278
1197 6728
1198 8287
1199 6584
1200 6335
1201 8412
1202 1031
1203 6938
1204 6743
1205 6811
1206 8099
1207 2343
1208 5680
1209 3133
1210 7161
1211 6415
1212 2525
1213 4540
1214 3078
1215 2980
1216 1326
1217 9423
1218 3577
1219 5286
1220 6715
1221 4840
1222 5291
1223 6283
1224 7956
1225 5445
1226 5763
1227 4511
1228 4483
1229 8029
1230 8420
1231 4321
1232 3934
1233 3896
1234 54
1235 4024
1236 738
1237 7027
1238 3301
1239 2268
1240 9431
1241 1133
1242 8640
1243 6437
1244 5688
1245 7916
1246 1493
1247 1872
1248 1441
1249 3049
1250 6381
1251 2542
1252 2886
1253 6496
1254 6544
1255 3471
1256 3731
1257 846
1258 2638
1259 9488
1260 2573
1261 4238
1262 5053
1263 6694
1264 2046
1265 6589
1266 1491
1267 9315
1268 754
1269 8752
1270 2668
1271 577
1272 6190
1273 3374
1274 6007
1275 8608
1276 4553
1277 1063
1278 2357
1279 735
1280 687
1281 8204
1282 2688
1283 9945
1284 8624
1285 3546
1286 2595
1287 2916
1288 8258
1289 4554
1290 3215
1291 3495
1292 2156
1293 7311
1294 9363
1295 9953
1296 4685
1297 9228
1298 7076
1299 7194
1300 7611
1301 650
1302 6478
1303 5677
1304 7294
1305 3230
1306 220
1307 5612
1308 5017
1309 1015
1310 4010
1311 9633
1312 1598
1313 6910
1314 7308
1315 2792
1316 6561
1317 9426
1318 4425
1319 4655
1320 262
1321 9908
1322 5499
1323 7618
1324 6162
1325 7529
1326 6495
1327 5340
1328 597
1329 9916
1330 5720
1331 8176
1332 5991
1333 6870
1334 5774
1335 4051
1336 3698
1337 5784
1338 5649
1339 7366
1340 5276
1341 107
1342 1238
1343 4119
1344 4974
1345 7545
1346 913
1347 668
1348 5912
1349 8676
1350 4819
1351 5371
1352 5197
1353 5942
1354 9060
1355 3519
1356 7098
1357 8323
1358 7239
1359 3121
1360 1446
1361 0
1362 6310
1363 5079
1364 7318
1365 3862
1366 7260
1367 1944
1368 3817
1369 9007
1370 9319
1371 5913
1372 1742
1373 77
1374 7556
1375 3960
1376 380
1377 6479
1378 4106
1379 5666
1380 9770
1381 2388
1382 7425
1383 6642
1384 4758
1385 7175
1386 2327
1387 2920
1388 2013
1389 6446
1390 4241
1391 8319
1392 5246
1393 910
1394 6682
1395 4641
1396 5019
1397 1165
1398 3178
1399 3864
1400 3713
1401 218
1402 4594
1403 5156
1404 2346
1405 4722
1406 1900
1407 2447
1408 8998
1409 2650
1410 9111
1411 189
1412 9826
1413 7341
1414 6783
1415 6609
1416 3827
1417 9643
1418 6674
1419 2384
1420 6942
1421 2545
1422 3166
1423 2167
1424 3508
1425 8983
1426 9
1427 8041
1428 1448
1429 6747
1430 9870
1431 422
1432 6742
1433 9670
1434 9777
1435 728
1436 6600
1437 7470
1438 4414
1439 7552
1440 7032
1441 2404
1442 7758
1443 8013
1444 7680
1445 9127
1446 6235
1447 6241
1448 6697
1449 1459
1450 6853
1451 3423
1452 5248
1453 240
1454 2408
1455 3584
1456 7050
1457 4033
1458 9106
1459 9530
1460 2395
1461 8549
1462 2651
1463 9933
1464 595
1465 4045
1466 9901
1467 3761
1468 4303
1469 4846
1470 4488
1471 2778
1472 467
1473 7538
1474 9142
1475 9539
1476 9688
1477 2627
1478 9582
1479 6485
1480 8601
1481 2586
1482 8379
1483 1533
1484 7143
1485 1923
1486 11
1487 1176
1488 8168
1489 737
1490 4916
1491 9695
1492 4387
1493 2368
1494 4853
1495 4476
1496 888
1497 1972
1498 2334
1499 871
1500 8101
1501 3996
1502 2613
1503 2497
1504 8900
1505 2731
1506 6598
1507 8377
1508 2315
1509 6088
1510 2159
1511 4062
1512 4954
1513 5813
1514 9288
1515 5090
1516 3532
1517 524
1518 3342
1519 2965
1520 4452
1521 8620
1522 2288
1523 6925
1524 4549
1525 1282
1526 4580
1527 4951
1528 9679
1529 418
1530 3600
1531 7349
1532 9882
1533 9922
1534 7026
1535 9134
1536 6560
1537 5580
1538 3096
1539 3970
1540 7859
1541 1248
1542 3223
1543 3924
1544 8999
1545 7536
1546 1214
1547 419
1548 5003
1549 5610
1550 8532
1551 6916
1552 1741
1553 3490
1554 4446
1555 4555
1556 3930
1557 1388
1558 8322
1559 3141
1560 6644
1561 4043
1562 5988
1563 1585
1564 1103
1565 507
1566 7694
1567 3769
1568 9888
1569 2784
1570 7679
1571 1878
1572 739
1573 2403
1574 2654
1575 9934
1576 8297
1577 8345
1578 7312
1579 5159
1580 2338
1581 5415
1582 1619
1583 8328
1584 1568
1585 2409
1586 6787
1587 4566
1588 6121
1589 4855
1590 8917
1591 6797
1592 1160
1593 2037
1594 3494
1595 3009
1596 6973
1597 6991
1598 248
1599 9557
1600 2883
1601 3211
1602 5856
1603 9611
1604 4122
1605 9881
1606 9117
1607 5541
1608 5084
1609 641
1610 2264
1611 4018
1612 3404
1613 462
1614 251
1615 1562
1616 1731
1617 158
1618 8657
1619 6003
1620 8812
1621 2297
1622 5478
1623 6606
1624 5000
1625 5025
1626 2026
1627 5572
1628 9076
1629 6681
1630 9768
1631 8440
1632 5384
1633 7745
1634 9783
1635 7853
1636 6808
1637 3906
1638 9065
1639 2939
1640 8934
1641 3058
1642 6772
1643 3451
1644 5952
1645 8953
1646 5358
1647 948
1648 6782
1649 5364
1650 12
1651 2494
1652 8851
1653 1321
1654 2643
1655 9101
1656 85
1657 2228
1658 5187
1659 2662
1660 9816
1661 3189
1662 7997
1663 3383
1664 4165
1665 2763
1666 9395
1667 4167
1668 7088
1669 9310
1670 2540
1671 3941
1672 8398
1673 3632
1674 1707
1675 9389
1676 8540
1677 2064
1678 1115
1679 6198
1680 1718
1681 2172
1682 6902
1683 7043
1684 1471
1685 1183
1686 8796
1687 7216
1688 1746
1689 3750
1690 5033
1691 5816
1692 3014
1693 465
1694 5726
1695 660
1696 9941
1697 5283
1698 7541
1699 2440
1700 1084
1701 2208
1702 5822
1703 5853
1704 1614
1705 1569
1706 2644
1707 6472
1708 4849
1709 1949
1710 8411
1711 1100
1712 4984
1713 1105
1714 7012
1715 8020
1716 558
1717 2001
1718 1432
1719 861
1720 5781
1721 7359
1722 2062
1723 9729
1724 6101
1725 6004
1726 6588
1727 2908
1728 3266
1729 5424
1730 1125
1731 4502
1732 8962
1733 8278
1734 9051
1735 4638
1736 5854
1737 534
1738 8495
1739 2279
1740 9591
1741 3810
1742 225
1743 6677
1744 5068
1745 2753
1746 4884
1747 1434
1748 2923
1749 58
1750 5498
1751 801
1752 4587
1753 4647
1754 6894
1755 3170
1756 6956
1757 3061
1758 4956
1759 4612
1760 484
1761 390
1762 9225
1763 334
1764 1854
1765 8721
1766 3823
1767 6181
1768 6900
1769 8615
1770 7049
1771 5475
1772 8907
1773 4506
1774 5967
1775 4472
1776 6619
1777 7309
1778 5700
1779 2292
1780 6017
1781 3497
1782 7856
1783 8757
1784 6195
1785 5904
1786 1829
1787 9282
1788 8575
1789 7806
1790 159
1791 27
1792 9724
1793 2466
1794 5595
1795 7373
1796 5331
1797 1511
1798 2278
1799 3808
1800 170
1801 9682
1802 3559
1803 7843
1804 2104
1805 8001
1806 6652
1807 8478
1808 3575
1809 8505
1810 4409
1811 4671
1812 5773
1813 175
1814 9520
1815 1775
1816 8237
1817 7220
1818 8354
1819 1184
1820 1051
1821 4973
1822 376
1823 2197
1824 4457
1825 8523
1826 3664
1827 3722
1828 4630
1829 7595
1830 1979
1831 8599
1832 4676
1833 853
1834 7589
1835 4035
1836 4152
1837 7066
1838 2645
1839 4833
1840 9339
1841 6072
1842 5741
1843 757
1844 5839
1845 9694
1846 1678
1847 6899
1848 401
1849 5472
1850 4047
1851 6587
1852 5993
1853 8893
1854 8342
1855 9822
1856 5848
1857 817
1858 3929
1859 1171
1860 4465
1861 5483
1862 6781
1863 4270
1864 1956
1865 9093
1866 9337
1867 779
1868 458
1869 455
1870 3828
1871 9367
1872 851
1873 9243
1874 3588
1875 4291
1876 536
1877 5835
1878 2144
1879 7377
1880 4121
1881 3597
1882 7015
1883 6337
1884 7732
1885 2118
1886 6238
1887 3662
1888 6318
1889 599
1890 4360
1891 4312
1892 2075
1893 823
1894 8685
1895 105
1896 901
1897 6793
1898 1633
1899 9168
1900 3825
1901 4090
1902 5473
1903 4027
1904 5067
1905 9515
1906 6997
1907 7478
1908 5420
1909 2219
1910 6999
1911 1065
1912 553
1913 7114
1914 149
1915 3815
1916 1182
1917 3927
1918 2021
1919 9773
1920 2313
1921 8852
1922 9519
1923 6394
1924 7253
1925 8888
1926 2308
1927 746
1928 593
1929 8203
1930 3694
1931 9593
1932 6912
1933 8266
1934 1784
1935 8684
1936 4298
1937 6286
1938 4751
1939 1416
1940 5257
1941 4834
1942 8904
1943 2791
1944 5143
1945 3431
1946 7989
1947 1094
1948 4224
1949 4356
1950 6665
1951 5548
1952 3255
1953 2317
1954 475
1955 5585
1956 4036
1957 2031
1958 7303
1959 1646
1960 1821
1961 1137
1962 9085
1963 5255
1964 1174
1965 541
1966 7193
1967 1492
1968 9109
1969 9071
1970 6471
1971 8161
1972 3047
1973 5277
1974 5496
1975 1710
1976 2340
1977 5111
1978 5919
1979 1786
1980 1810
1981 8971
1982 6504
1983 7243
1984 3794
1985 1748
1986 9272
1987 7747
1988 1013
1989 7751
1990 8230
1991 2238
1992 1420
1993 3208
1994 545
1995 7703
1996 7635
1997 3236
1998 600
1999 1197
2000 7630
2001 9734
2002 6638
2003 7376
2004 3440
2005 7676
2006 6269
2007 5486
2008 2333
2009 2111
2010 8668
2011 3956
2012 6798
2013 7601
2014 9709
2015 8949
2016 5668
2017 4929
2018 4786
2019 1871
2020 9899
2021 9677
2022 1240
2023 795
2024 712
2025 9327
2026 2299
2027 9264
2028 7041
2029 797
2030 1859
2031 6881
2032 7347
2033 1813
2034 4326
2035 5048
2036 1802
2037 1399
2038 6440
2039 444
2040 3790
2041 6746
2042 6134
2043 9043
2044 4779
2045 3954
2046 7920
2047 9039
2048 6967
2049 6805
2050 5388
2051 6803
2052 6094
2053 5057
2054 1967
2055 9740
2056 8705
2057 6976
2058 9603
2059 4380
2060 1404
2061 4942
2062 207
2063 5261
2064 8866
2065 1275
2066 2015
2067 9683
2068 6012
2069 6950
2070 2025
2071 2381
2072 5279
2073 8732
2074 872
2075 6917
2076 1498
2077 1337
2078 3275
2079 4133
2080 4243
2081 347
2082 7261
2083 3483
2084 6556
2085 9668
2086 5529
2087 2035
2088 8559
2089 2463
2090 9568
2091 962
2092 6463
2093 4551
2094 2845
2095 7200
2096 3092
2097 6034
2098 5164
2099 2823
2100 5755
2101 7048
2102 6717
2103 9502
2104 9499
2105 9833
2106 7140
2107 9223
2108 5390
2109 3123
2110 7375
2111 4669
2112 3521
2113 9704
2114 9314
2115 1501
2116 3863
2117 3536
2118 4141
2119 3196
2120 1385
2121 78
2122 8876
2123 8810
2124 4946
2125 2648
2126 8746
2127 2192
2128 4981
2129 5497
2130 5070
2131 1314
2132 9914
2133 9019
2134 4824
2135 7755
2136 2244
2137 3019
2138 9739
2139 2253
2140 7119
2141 3985
2142 7561
2143 7781
2144 8946
2145 7245
2146 949
2147 8465
2148 6581
2149 2402
2150 1410
2151 9200
2152 9384
2153 7890
2154 4522
2155 2889
2156 3285
2157 2944
2158 6736
2159 8894
2160 976
2161 4990
2162 9466
2163 5288
2164 2405
2165 5258
2166 6524
2167 5896
2168 3982
2169 5543
2170 5225
2171 9848
2172 7224
2173 3392
2174 8142
2175 92
2176 8365
2177 339
2178 9835
2179 8406
2180 2941
2181 4665
2182 7477
2183 3472
2184 4714
2185 1451
2186 5152
2187 9075
2188 9015
2189 2817
2190 3315
2191 5354
2192 398
2193 9869
2194 7431
2195 5503
2196 6959
2197 9967
2198 9286
2199 5275
2200 1265
2201 7893
2202 7248
2203 9790
2204 2107
2205 3900
2206 3672
2207 807
2208 8570
2209 6041
2210 4748
2211 3866
2212 4148
2213 4867
2214 7439
2215 6515
2216 7187
2217 8766
2218 837
2219 7171
2220 6276
2221 8069
2222 8698
2223 9116
2224 2065
2225 1323
2226 1334
2227 8003
2228 6605
2229 99
2230 1873
2231 4809
2232 2931
2233 1061
2234 2101
2235 7372
2236 5950
2237 5811
2238 9048
2239 5539
2240 4521
2241 2373
2242 6660
2243 4145
2244 4175
2245 8174
2246 8334
2247 1430
2248 8000
2249 3382
2250 6995
2251 943
2252 109
2253 2611
2254 2179
2255 8597
2256 124
2257 7566
2258 9573
2259 7848
2260 6107
2261 8772
2262 1025
2263 3916
2264 5862
2265 9986
2266 5107
2267 3624
2268 5526
2269 7392
2270 3216
2271 4599
2272 6288
2273 4710
2274 2354
2275 2108
2276 8846
2277 6726
2278 1632
2279 7209
2280 7572
2281 13
2282 9406
2283 688
2284 7475
2285 1091
2286 8553
2287 3097
2288 9196
2289 437
2290 3568
2291 4127
2292 7802
2293 4994
2294 6497
2295 8895
2296 4520
2297 3922
2298 4492
2299 3642
2300 7932
2301 1597
2302 2707
2303 8493
2304 7528
2305 2348
2306 6358
2307 6392
2308 2496
2309 2905
2310 4228
2311 5032
2312 6143
2313 8211
2314 4998
2315 44
2316 7878
2317 2027
2318 2218
2319 7357
2320 4419
2321 449
2322 8546
2323 8821
2324 5116
2325 521
2326 2410
2327 4980
2328 6702
2329 2011
2330 8232
2331 8078
2332 9500
2333 9169
2334 3320
2335 3313
2336 7720
2337 7163
2338 7316
2339 3156
2340 1917
2341 1557
2342 6583
2343 1970
2344 3267
2345 6470
2346 8152
2347 179
2348 2635
2349 5999
2350 9779
2351 2985
2352 8555
2353 1288
2354 2131
2355 6455
2356 2070
2357 6761
2358 2045
2359 4341
2360 3743
2361 6602
2362 7149
2363 5730
2364 4490
2365 2486
2366 8725
2367 2069
2368 4838
2369 4264
2370 7301
2371 2326
2372 2245
2373 9736
2374 3602
2375 6511
2376 681
2377 6397
2378 2709
2379 7929
2380 5244
2381 1662
2382 2536
2383 1427
2384 8109
2385 685
2386 4910
2387 1102
2388 1738
2389 1368
2390 8733
2391 7120
2392 1194
2393 8761
2394 8696
2395 6645
2396 3118
2397 5609
2398 14
2399 7267
2400 2188
2401 7493
2402 8905
2403 6550
2404 720
2405 7497
2406 491
2407 7423
2408 8072
2409 1645
2410 5704
2411 565
2412 8869
2413 7008
2414 5365
2415 1365
2416 7459
2417 9345
2418 8726
2419 762
2420 5040
2421 6376
2422 5756
2423 3222
2424 2081
2425 1431
2426 6461
2427 4182
2428 6209
2429 3197
2430 5638
2431 267
2432 1229
2433 610
2434 3095
2435 438
2436 6077
2437 4692
2438 6693
2439 4629
2440 6434
2441 244
2442 4038
2443 5036
2444 7534
2445 8259
2446 5289
2447 7678
2448 5792
2449 2865
2450 9778
2451 7327
2452 4750
2453 7487
2454 6431
2455 571
2456 2579
2457 7730
2458 3499
2459 5564
2460 5961
2461 1936
2462 9195
2463 9023
2464 4166
2465 6156
2466 4715
2467 3135
2468 1990
2469 1641
2470 6961
2471 9321
2472 7546
2473 1776
2474 9766
2475 1846
2476 881
2477 8742
2478 6089
2479 1212
2480 4293
2481 8011
2482 3334
2483 5561
2484 2589
2485 8778
2486 6671
2487 9510
2488 4284
2489 6656
2490 1180
2491 5063
2492 6842
2493 8937
2494 5207
2495 7084
2496 4353
2497 52
2498 7307
2499 5015
2500 4005
2501 1612
2502 8169
2503 8447
2504 9903
2505 8343
2506 6281
2507 1060
2508 1674
2509 509
2510 9708
2511 5181
2512 4328
2513 5120
2514 4862
2515 345
2516 2462
2517 6875
2518 5114
2519 8770
2520 4709
2521 1938
2522 8326
2523 5338
2524 5908
2525 2293
2526 2181
2527 8451
2528 1819
2529 5974
2530 1353
2531 8463
2532 794
2533 9531
2534 4646
2535 1300
2536 9893
2537 3590
2538 7842
2539 2105
2540 2691
2541 1196
2542 3869
2543 6364
2544 4961
2545 1018
2546 5165
2547 167
2548 6116
2549 9662
2550 4653
2551 8526
2552 966
2553 8263
2554 2714
2555 8467
2556 9588
2557 3031
2558 9380
2559 8628
2560 2799
2561 4135
2562 6617
2563 5417
2564 5547
2565 8514
2566 9349
2567 7055
2568 6564
2569 4052
2570 7696
2571 1228
2572 8430
2573 3039
2574 6029
2575 4225
2576 5094
2577 5587
2578 450
2579 8244
2580 4560
2581 3903
2582 7801
2583 3877
2584 6391
2585 6005
2586 3841
2587 1929
2588 9179
2589 3578
2590 8966
2591 9284
2592 5500
2593 9540
2594 9091
2595 9546
2596 2615
2597 1898
2598 5185
2599 1850
2600 1187
2601 874
2602 5933
2603 5171
2604 1734
2605 3408
2606 1039
2607 5681
2608 7610
2609 1769
2610 1799
2611 5518
2612 822
2613 7070
2614 5377
2615 4864
2616 3899
2617 2960
2618 7644
2619 3729
2620 3005
2621 9184
2622 6850
2623 4889
2624 970
2625 3272
2626 7108
2627 1149
2628 1474
2629 3425
2630 111
2631 1217
2632 9251
2633 7578
2634 5782
2635 3697
2636 9616
2637 2813
2638 7228
2639 9641
2640 8577
2641 6215
2642 9681
2643 2860
2644 4104
2645 1787
2646 9963
2647 8834
2648 3511
2649 3745
2650 3894
2651 9140
2652 3265
2653 2755
2654 6022
2655 3109
2656 2773
2657 4934
2658 4479
2659 9792
2660 7302
2661 950
2662 7038
2663 5097
2664 8581
2665 3792
2666 1263
2667 9640
2668 6079
2669 3548
2670 9799
2671 5581
2672 9702
2673 8820
2674 5589
2675 2180
2676 5360
2677 9316
2678 7668
2679 5294
2680 6014
2681 4285
2682 2618
2683 4125
2684 4740
2685 9512
2686 8993
2687 7135
2688 3964
2689 5678
2690 6769
2691 2130
2692 1733
2693 3261
2694 5861
2695 2607
2696 1510
2697 2314
2698 1104
2699 5596
2700 3079
2701 5567
2702 6885
2703 9323
2704 6672
2705 7363
2706 6324
2707 87
2708 6023
2709 4562
2710 5762
2711 9528
2712 1045
2713 9265
2714 1689
2715 4348
2716 8404
2717 9374
2718 3354
2719 3429
2720 29
2721 530
2722 8737
2723 8561
2724 3617
2725 7277
2726 9324
2727 9123
2728 7581
2729 4082
2730 2324
2731 8250
2732 4962
2733 1590
2734 7297
2735 4435
2736 1765
2737 3098
2738 5139
2739 2786
2740 5429
2741 415
2742 5502
2743 7448
2744 8792
2745 3329
2746 956
2747 4475
2748 1739
2749 8891
2750 6949
2751 4909
2752 8930
2753 9769
2754 5714
2755 5690
2756 2492
2757 7860
2758 1952
2759 4355
2760 8154
2761 6169
2762 3962
2763 5304
2764 9838
2765 2430
2766 4287
2767 3802
2768 1068
2769 7476
2770 2032
2771 2128
2772 9474
2773 5008
2774 4420
2775 6518
2776 796
2777 2699
2778 2431
2779 3410
2780 8177
2781 7622
2782 4278
2783 3175
2784 8452
2785 4716
2786 1622
2787 1021
2788 9656
2789 2143
2790 831
2791 4570
2792 1984
2793 6613
2794 9485
2795 5470
2796 4674
2797 8826
2798 4395
2799 1708
2800 4947
2801 5028
2802 6374
2803 2476
2804 7809
2805 90
2806 8972
2807 2422
2808 3439
2809 3088
2810 2041
2811 2396
2812 7514
2813 1626
2814 441
2815 1724
2816 6158
2817 2798
2818 8544
2819 2914
2820 5501
2821 1113
2822 127
2823 2212
2824 1779
2825 7960
2826 828
2827 4339
2828 2019
2829 4373
2830 1116
2831 9008
2832 2012
2833 6342
2834 6338
2835 6624
2836 1073
2837 1010
2838 406
2839 8658
2840 4952
2841 4491
2842 7516
2843 4887
2844 8530
2845 5326
2846 4877
2847 1544
2848 7125
2849 1839
2850 3345
2851 222
2852 3350
2853 6616
2854 3326
2855 9443
2856 5492
2857 9399
2858 6452
2859 9338
2860 9645
2861 6837
2862 269
2863 8806
2864 1659
2865 365
2866 9372
2867 8882
2868 4816
2869 3614
2870 4154
2871 579
2872 2429
2873 928
2874 1615
2875 7495
2876 8260
2877 2539
2878 2471
2879 4383
2880 546
2881 3101
2882 32
2883 5544
2884 1390
2885 7674
2886 6749
2887 7665
2888 1291
2889 3421
2890 4367
2891 4512
2892 70
2893 2659
2894 9086
2895 3393
2896 8585
2897 5236
2898 3695
2899 713
2900 7101
2901 1482
2902 9221
2903 6562
2904 6010
2905 2904
2906 4831
2907 7512
2908 6492
2909 1823
2910 6054
2911 5038
2912 9193
2913 1686
2914 2493
2915 6378
2916 6301
2917 7862
2918 787
2919 1366
2920 4056
2921 9871
2922 93
2923 9635
2924 5366
2925 9430
2926 1062
2927 3434
2928 5443
2929 4274
2930 3539
2931 1758
2932 8318
2933 3973
2934 5373
2935 2051
2936 3535
2937 2507
2938 7660
2939 9596
2940 8475
2941 1700
2942 8100
2943 6536
2944 6103
2945 2088
2946 5917
2947 4543
2948 2177
2949 4400
2950 8950
2951 8945
2952 457
2953 8393
2954 5647
2955 8112
2956 7388
2957 8642
2958 9644
2959 8061
2960 7823
2961 3046
2962 4481
2963 3735
2964 2953
2965 4788
2966 6750
2967 4699
2968 2351
2969 2950
2970 7746
2971 3774
2972 9602
2973 6058
2974 1843
2975 6258
2976 5035
2977 5273
2978 6523
2979 2157
2980 1737
2981 3849
2982 7473
2983 8951
2984 5349
2985 3917
2986 4485
2987 5808
2988 5312
2989 2938
2990 9727
2991 2729
2992 8269
2993 9828
2994 3396
2995 4110
2996 9084
2997 4370
2998 9580
2999 6458
3000 9968
3001 1831
3002 6948
3003 3585
3004 5353
3005 879
3006 9258
3007 2284
3008 4613
3009 639
3010 101
3011 5151
3012 5243
3013 7400
3014 2711
3015 1121
3016 3649
3017 6326
3018 7
3019 8293
3020 5579
3021 4282
3022 7274
3023 2764
3024 4792
3025 3281
3026 1236
3027 1606
3028 9435
3029 974
3030 1985
3031 3751
3032 8956
3033 3775
3034 3712
3035 6570
3036 5136
3037 6597
3038 9973
3039 4871
3040 3246
3041 8690
3042 582
3043 8040
3044 5520
3045 1472
3046 5162
3047 7166
3048 2576
3049 399
3050 4691
3051 8492
3052 4578
3053 716
3054 2275
3055 7408
3056 126
3057 9239
3058 9491
3059 8113
3060 4176
3061 9675
3062 6840
3063 8960
3064 8764
3065 1378
3066 6341
3067 8091
3068 4545
3069 8220
3070 9990
3071 3370
3072 5778
3073 5772
3074 7558
3075 8877
3076 4975
3077 622
3078 6510
3079 7693
3080 604
3081 20
3082 734
3083 8817
3084 6555
3085 2937
3086 5124
3087 7115
3088 1503
3089 3699
3090 3715
3091 5556
3092 3117
3093 9000
3094 6931
3095 8239
3096 5515
3097 2042
3098 8645
3099 2304
3100 4767
3101 5757
3102 8227
3103 4164
3104 7093
3105 4680
3106 8997
3107 4790
3108 229
3109 4955
3110 8784
3111 7009
3112 7006
3113 8803
3114 3069
3115 2412
3116 8458
3117 646
3118 3650
3119 342
3120 3245
3121 5004
3122 1994
3123 3878
3124 1924
3125 5031
3126 3977
3127 9484
3128 2397
3129 9700
3130 1519
3131 4189
3132 722
3133 7710
3134 1348
3135 8730
3136 1244
3137 6601
3138 8672
3139 2896
3140 2379
3141 5298
3142 4589
3143 980
3144 9940
3145 2437
3146 3542
3147 8973
3148 6075
3149 64
3150 9806
3151 3554
3152 4673
3153 2320
3154 3160
3155 2084
3156 3205
3157 8442
3158 3679
3159 1588
3160 2808
3161 290
3162 2681
3163 5389
3164 515
3165 9205
3166 7210
3167 7683
3168 6927
3169 3128
3170 8213
3171 47
3172 8897
3173 3260
3174 573
3175 9458
3176 8045
3177 9027
3178 7288
3179 2683
3180 1447
3181 5954
3182 9144
3183 9686
3184 8899
3185 2750
3186 7958
3187 9495
3188 6166
3189 842
3190 137
3191 2142
3192 5810
3193 3978
3194 2868
3195 9841
3196 9692
3197 4620
3198 9659
3199 427
3200 8740
3201 9381
3202 263
3203 3737
3204 3314
3205 3740
3206 4943
3207 1439
3208 7698
3209 10
3210 7412
3211 6282
3212 497
3213 5915
3214 8811
3215 4404
3216 991
3217 9751
3218 3040
3219 645
3220 2863
3221 3800
3222 7542
3223 5858
3224 5133
3225 9151
3226 6068
3227 5727
3228 6670
3229 4933
3230 9459
3231 8182
3232 5669
3233 4350
3234 2451
3235 5175
3236 7177
3237 9687
3238 1048
3239 9311
3240 6989
3241 9797
3242 5825
3243 9417
3244 7627
3245 8924
3246 3386
3247 965
3248 6403
3249 7553
3250 2803
3251 3235
3252 5344
3253 803
3254 9781
3255 7145
3256 7011
3257 1534
3258 6111
3259 9440
3260 181
3261 9905
3262 7774
3263 7004
3264 8082
3265 7969
3266 6086
3267 6457
3268 1857
3269 5401
3270 5423
3271 9618
3272 5271
3273 7456
3274 7106
3275 6863
3276 2436
3277 362
3278 8369
3279 2199
3280 9787
3281 3402
3282 9948
3283 5927
3284 9035
3285 7817
3286 1971
3287 5616
3288 4915
3289 1221
3290 7832
3291 3206
3292 1339
3293 9046
3294 3192
3295 5441
3296 701
3297 1620
3298 9642
3299 6963
3300 2420
3301 6939
3302 6713
3303 672
3304 7081
3305 3856
3306 941
3307 5594
3308 6695
3309 2597
3310 6804
3311 6874
3312 3980
3313 1820
3314 1723
3315 6370
3316 4775
3317 4827
3318 3567
3319 3317
3320 8038
3321 4044
3322 964
3323 1384
3324 2120
3325 2870
3326 5525
3327 5465
3328 169
3329 317
3330 4985
3331 630
3332 6146
3333 4099
3334 8280
3335 7937
3336 322
3337 1997
3338 3231
3339 2789
3340 4080
3341 7570
3342 6398
3343 9213
3344 9444
3345 8487
3346 6102
3347 749
3348 1415
3349 2060
3350 7513
3351 8713
3352 7896
3353 8344
3354 7743
3355 1941
3356 7279
3357 8306
3358 9984
3359 644
3360 5192
3361 6127
3362 7007
3363 1332
3364 6257
3365 2217
3366 4865
3367 1027
3368 6514
3369 9096
3370 9910
3371 8947
3372 3981
3373 7075
3374 1443
3375 3385
3376 227
3377 7537
3378 1023
3379 5851
3380 7306
3381 4085
3382 4329
3383 4785
3384 809
3385 839
3386 1635
3387 2839
3388 8550
3389 5183
3390 2225
3391 4503
3392 3875
3393 2951
3394 7907
3395 5229
3396 5765
3397 6347
3398 7949
3399 270
3400 5716
3401 2267
3402 2758
3403 7010
3404 6233
3405 3831
3406 1704
3407 8533
3408 1056
3409 4031
3410 4149
3411 348
3412 9897
3413 5739
3414 9438
3415 4349
3416 9250
3417 7968
3418 5683
3419 113
3420 4703
3421 7895
3422 6952
3423 1495
3424 1383
3425 3038
3426 626
3427 9216
3428 621
3429 2469
3430 1730
3431 9336
3432 224
3433 4931
3434 9735
3435 4471
3436 3424
3437 432
3438 9949
3439 9171
3440 5512
3441 6393
3442 550
3443 4335
3444 1363
3445 9132
3446 1142
3447 6453
3448 8421
3449 8302
3450 6657
3451 2949
3452 3105
3453 9907
3454 9699
3455 3540
3456 2861
3457 6521
3458 788
3459 5182
3460 808
3461 1656
3462 1271
3463 7155
3464 6943
3465 8367
3466 2633
3467 7336
3468 4330
3469 4579
3470 8588
3471 7596
3472 4192
3473 4622
3474 3168
3475 3570
3476 5963
3477 6628
3478 2926
3479 1912
3480 957
3481 7037
3482 4213
3483 5555
3484 9416
3485 3626
3486 7203
3487 9691
3488 7615
3489 7368
3490 2574
3491 2424
3492 8747
3493 863
3494 4172
3495 7876
3496 4996
3497 7816
3498 3580
3499 6419
3500 477
3501 3942
3502 1499
3503 9259
3504 45
3505 5794
3506 3660
3507 5405
3508 6099
3509 1717
3510 587
3511 5439
3512 300
3513 9014
3514 3838
3515 1691
3516 5758
3517 4178
3518 3758
3519 2898
3520 3803
3521 9405
3522 3520
3523 6287
3524 5519
3525 9951
3526 3201
3527 5713
3528 5242
3529 5815
3530 487
3531 3937
3532 7131
3533 6389
3534 6081
3535 4684
3536 5220
3537 8691
3538 902
3539 239
3540 3089
3541 7158
3542 494
3543 2049
3544 1058
3545 6224
3546 5249
3547 8776
3548 4445
3549 7352
3550 2598
3551 4581
3552 7621
3553 3482
3554 2844
3555 5383
3556 8898
3557 1124
3558 5702
3559 1234
3560 9448
3561 8024
3562 2512
3563 561
3564 9148
3565 9033
3566 2667
3567 2249
3568 2769
3569 1916
3570 4514
3571 2495
3572 5484
3573 2204
3574 212
3575 7691
3576 733
3577 1830
3578 7380
3579 2149
3580 1914
3581 4890
3582 1245
3583 2703
3584 7390
3585 7663
3586 3027
3587 906
3588 242
3589 49
3590 8619
3591 9215
3592 3657
3593 2053
3594 669
3595 3381
3596 6128
3597 858
3598 7427
3599 4247
3600 1417
3601 2350
3602 2995
3603 5386
3604 3955
3605 1677
3606 7599
3607 6632
3608 3976
3609 1667
3610 4625
3611 4170
3612 8906
3613 6114
3614 8303
3615 1083
3616 9737
3617 2871
3618 5081
3619 3904
3620 4217
3621 1315
3622 9920
3623 1406
3624 5830
3625 4539
3626 3242
3627 1327
3628 8197
3629 7738
3630 9139
3631 7785
3632 8206
3633 2767
3634 9457
3635 6484
3636 1896
3637 6941
3638 819
3639 1884
3640 9819
3641 5339
3642 2936
3643 5766
3644 8659
3645 2602
3646 1085
3647 8390
3648 1391
3649 1470
3650 9552
3651 5309
3652 7704
3653 9955
3654 5909
3655 994
3656 9234
3657 3060
3658 6673
3659 9619
3660 2504
3661 3036
3662 2954
3663 8291
3664 3690
3665 5447
3666 428
3667 8049
3668 6666
3669 6092
3670 1412
3671 6586
3672 7491
3673 983
3674 7369
3675 2559
3676 9650
3677 7577
3678 9867
3679 7865
3680 4221
3681 9290
3682 850
3683 2969
3684 7471
3685 3566
3686 9672
3687 5905
3688 1256
3689 7909
3690 8242
3691 8801
3692 480
3693 5206
3694 9180
3695 472
3696 2074
3697 8664
3698 8915
3699 7393
3700 6028
3701 8781
3702 5989
3703 8249
3704 8829
3705 2877
3706 1618
3707 332
3708 4591
3709 5108
3710 7523
3711 6284
3712 6042
3713 5568
3714 2207
3715 3082
3716 6314
3717 915
3718 2568
3719 7234
3720 3391
3721 804
3722 8665
3723 1266
3724 6320
3725 3153
3726 9971
3727 9663
3728 2892
3729 4250
3730 5293
3731 667
3732 1394
3733 5754
3734 7559
3735 86
3736 6774
3737 3525
3738 6304
3739 3644
3740 8692
3741 4351
3742 2872
3743 4319
3744 3623
3745 3460
3746 7395
3747 9211
3748 7881
3749 2273
3750 16
3751 2617
3752 1345
3753 8593
3754 4745
3755 6008
3756 2919
3757 6188
3758 2538
3759 6714
3760 2004
3761 3229
3762 5184
3763 454
3764 2849
3765 2608
3766 5855
3767 3380
3768 1995
3769 504
3770 7804
3771 2577
3772 4417
3773 5964
3774 7888
3775 2321
3776 9270
3777 742
3778 8496
3779 5857
3780 1596
3781 8270
3782 9187
3783 840
3784 2724
3785 8316
3786 5355
3787 9601
3788 1747
3789 8709
3790 7382
3791 919
3792 927
3793 8643
3794 9037
3795 7136
3796 3898
3797 2678
3798 4233
3799 8268
3800 6635
3801 658
3802 628
3803 7407
3804 791
3805 1647
3806 3062
3807 76
3808 2566
3809 4645
3810 586
3811 7532
3812 9078
3813 8858
3814 433
3815 9275
3816 3100
3817 2775
3818 8881
3819 5748
3820 836
3821 8845
3822 1774
3823 9598
3824 7935
3825 2836
3826 1610
3827 7222
3828 631
3829 1726
3830 7237
3831 7183
3832 3351
3833 1643
3834 4198
3835 98
3836 8234
3837 2196
3838 1111
3839 1414
3840 5691
3841 2227
3842 679
3843 3173
3844 4112
3845 6213
3846 1293
3847 2592
3848 6633
3849 1506
3850 4496
3851 5859
3852 1763
3853 709
3854 8043
3855 3024
3856 3868
3857 4004
3858 1336
3859 8172
3860 3782
3861 5945
3862 9320
3863 2477
3864 9402
3865 8387
3866 7706
3867 1260
3868 988
3869 2793
3870 9541
3871 7014
3872 9535
3873 2766
3874 2549
3875 4032
3876 9785
3877 8584
3878 9274
3879 3348
3880 7994
3881 7402
3882 275
3883 3628
3884 9981
3885 9049
3886 1630
3887 9024
3888 1644
3889 3723
3890 3375
3891 1078
3892 4413
3893 3415
3894 1382
3895 8654
3896 3787
3897 6958
3898 6317
3899 293
3900 8978
3901 7422
3902 2113
3903 2252
3904 3093
3905 7509
3906 9112
3907 4174
3908 7082
3909 4533
3910 1881
3911 4774
3912 4007
3913 665
3914 402
3915 8929
3916 8241
3917 1629
3918 4770
3919 8483
3920 4805
3921 1276
3922 1046
3923 2933
3924 7184
3925 2695
3926 9840
3927 2286
3928 460
3929 132
3930 3880
3931 7548
3932 3944
3933 8195
3934 4173
3935 7670
3936 4866
3937 1239
3938 1508
3939 877
3940 3274
3941 5711
3942 7719
3943 8472
3944 9207
3945 4882
3946 2671
3947 1951
3948 2929
3949 2862
3950 751
3951 637
3952 8332
3953 3707
3954 4401
3955 9965
3956 9199
3957 7450
3958 3881
3959 6229
3960 5742
3961 8932
3962 6267
3963 9844
3964 4530
3965 5814
3966 6904
3967 552
3968 6661
3969 5532
3970 7684
3971 3552
3972 5155
3973 2642
3974 5706
3975 5631
3976 5818
3977 5995
3978 8598
3979 8520
3980 9832
3981 6362
3982 1528
3983 8419
3984 7494
3985 5209
3986 8325
3987 9428
3988 5313
3989 1147
3990 3333
3991 9490
3992 9118
3993 4120
3994 1359
3995 1609
3996 4028
3997 6126
3998 8901
3999 8163
4000 9750
4001 7383
4002 5715
4003 9189
4004 168
4005 2977
4006 1772
4007 241
4008 8065
4009 6964
4010 3164
4011 5644
4012 6741
4013 5230
4014 6427
4015 3127
4016 1651
4017 9753
4018 7600
4019 4924
4020 6527
4021 2743
4022 7199
4023 8460
4024 7868
4025 1279
4026 9487
4027 6208
4028 4430
4029 9446
4030 3579
4031 9883
4032 1381
4033 43
4034 4606
4035 2251
4036 3331
4037 1957
4038 4901
4039 4817
4040 3718
4041 8669
4042 5820
4043 2372
4044 4450
4045 6049
4046 3512
4047 3842
4048 8414
4049 5590
4050 3332
4051 3244
4052 4077
4053 4273
4054 7252
4055 4607
4056 9164
4057 7434
4058 6686
4059 2323
4060 5671
4061 176
4062 2955
4063 2023
4064 7501
4065 4575
4066 3139
4067 8191
4068 2389
4069 8804
4070 3544
4071 6334
4072 898
4073 4201
4074 1076
4075 7836
4076 526
4077 2509
4078 2746
4079 8689
4080 7682
4081 5332
4082 5421
4083 7794
4084 9355
4085 2534
4086 1302
4087 8134
4088 3680
4089 9569
4090 5865
4091 6921
4092 7067
4093 9452
4094 5637
4095 8012
4096 6336
4097 9993
4098 1502
4099 492
4100 5006
4101 924
4102 3232
4103 3026
4104 4130
4105 8769
4106 8865
4107 2925
4108 4210
4109 6845
4110 4301
4111 5061
4112 1325
4113 3042
4114 5838
4115 2200
4116 8511
4117 1253
4118 1138
4119 191
4120 500
4121 1773
4122 6928
4123 2530
4124 4689
4125 9525
4126 1155
4127 2907
4128 5314
4129 1789
4130 2448
4131 5752
4132 3379
4133 6756
4134 9203
4135 9843
4136 9874
4137 8595
4138 157
4139 9776
4140 9711
4141 9387
4142 142
4143 5088
4144 9479
4145 6292
4146 6992
4147 2474
4148 4299
4149 2122
4150 985
4151 9758
4152 9052
4153 531
4154 2787
4155 3714
4156 6906
4157 1386
4158 9747
4159 337
4160 8427
4161 6178
4162 7525
4163 3465
4164 4761
4165 3003
4166 3705
4167 3717
4168 655
4169 2997
4170 8661
4171 1627
4172 416
4173 8426
4174 1715
4175 1122
4176 1313
4177 6333
4178 9057
4179 544
4180 939
4181 6832
4182 7196
4183 8114
4184 2336
4185 33
4186 8233
4187 3144
4188 5874
4189 4532
4190 4967
4191 6168
4192 8938
4193 607
4194 9962
4195 9313
4196 2816
4197 1853
4198 4281
4199 4343
4200 1969
4201 7489
4202 3739
4203 5300
4204 246
4205 2631
4206 9334
4207 2630
4208 1675
4209 995
4210 7653
4211 9969
4212 7447
4213 3724
4214 5866
4215 5109
4216 537
4217 146
4218 3549
4219 798
4220 8307
4221 1571
4222 8481
4223 2888
4224 4118
4225 7188
4226 301
4227 8371
4228 8708
4229 1890
4230 7947
4231 3254
4232 9465
4233 5550
4234 8506
4235 4660
4236 1529
4237 8586
4238 4983
4239 9083
4240 2344
4241 9472
4242 4161
4243 3643
4244 3296
4245 632
4246 9696
4247 6574
4248 8252
4249 6827
4250 9467
4251 6293
4252 9749
4253 9041
4254 4023
4255 488
4256 5282
4257 2141
4258 9861
4259 6649
4260 6184
4261 3665
4262 5367
4263 7281
4264 6799
4265 9469
4266 5406
4267 9478
4268 4687
4269 2590
4270 483
4271 7154
4272 9741
4273 2976
4274 7416
4275 6360
4276 4239
4277 7073
4278 7667
4279 3966
4280 8632
4281 7496
4282 8957
4283 3453
4284 6262
4285 4662
4286 3294
4287 2824
4288 3309
4289 1341
4290 7671
4291 7754
4292 2378
4293 857
4294 7756
4295 3608
4296 7883
4297 9131
4298 5614
4299 7358
4300 9080
4301 8198
4302 1770
4303 249
4304 3463
4305 7367
4306 6001
4307 3791
4308 2820
4309 7151
4310 990
4311 2132
4312 2874
4313 8825
4314 2526
4315 3545
4316 3010
4317 740
4318 8911
4319 4902
4320 5736
4321 8221
4322 7232
4323 429
4324 5123
4325 303
4326 5173
4327 4702
4328 3781
4329 5228
4330 3420
4331 5602
4332 1185
4333 9524
4334 9693
4335 1650
4336 1128
4337 8816
4338 7330
4339 7944
4340 3085
4341 282
4342 6296
4343 4712
4344 51
4345 106
4346 5997
4347 8613
4348 8383
4349 7164
4350 2033
4351 196
4352 7692
4353 6868
4354 7818
4355 5466
4356 2489
4357 6044
4358 4325
4359 1937
4360 8313
4361 598
4362 8351
4363 7379
4364 9415
4365 4461
4366 5168
4367 9245
4368 2038
4369 9241
4370 5073
4371 180
4372 7437
4373 7017
4374 2071
4375 3438
4376 4573
4377 5477
4378 5233
4379 4441
4380 8552
4381 1445
4382 4390
4383 2457
4384 9714
4385 6476
4386 8
4387 8743
4388 4310
4389 677
4390 5191
4391 8218
4392 1862
4393 7020
4394 8150
4395 80
4396 7507
4397 3814
4398 9817
4399 4617
4400 7657
4401 6839
4402 5507
4403 9703
4404 6404
4405 3193
4406 5259
4407 725
4408 3518
4409 7065
4410 5829
4411 3143
4412 5880
4413 6035
4414 7077
4415 7016
4416 6729
4417 9050
4418 7690
4419 1933
4420 921
4421 4109
4422 4735
4423 8773
4424 6669
4425 2721
4426 2124
4427 6429
4428 9357
4429 5664
4430 8229
4431 1490
4432 9063
4433 9932
4434 3225
4435 1792
4436 7265
4437 2903
4438 5082
4439 3558
4440 3481
4441 6355
4442 1016
4443 1462
4444 9285
4445 5785
4446 9845
4447 5264
4448 3687
4449 3513
4450 2201
4451 4604
4452 9667
4453 3990
4454 8192
4455 1920
4456 5633
4457 4477
4458 7054
4459 4656
4460 1670
4461 9197
4462 5538
4463 673
4464 2815
4465 781
4466 1600
4467 9909
4468 1801
4469 5179
4470 6788
4471 9715
4472 3427
4473 4986
4474 8253
4475 9356
4476 8745
4477 8510
4478 7221
4479 6280
4480 4820
4481 6105
4482 1173
4483 2173
4484 4432
4485 9122
4486 708
4487 6045
4488 1304
4489 9053
4490 9385
4491 9957
4492 3811
4493 9654
4494 9526
4495 640
4496 6185
4497 7798
4498 9295
4499 7742
4500 4829
4501 9946
4502 5045
4503 5959
4504 603
4505 7938
4506 3151
4507 57
4508 8395
4509 9018
4510 9809
4511 4821
4512 2725
4513 2782
4514 9147
4515 8315
4516 4300
4517 4883
4518 5039
4519 2166
4520 2498
4521 2697
4522 6340
4523 1254
4524 9505
4525 9733
4526 3073
4527 5911
4528 5812
4529 2796
4530 4688
4531 5290
4532 5260
4533 6534
4534 8164
4535 6691
4536 4314
4537 5467
4538 3506
4539 1367
4540 3287
4541 1947
4542 7142
4543 6065
4544 8456
4545 5029
4546 7061
4547 2837
4548 3700
4549 6512
4550 2194
4551 7385
4552 952
4553 3478
4554 2444
4555 5471
4556 9609
4557 2006
4558 3250
4559 3077
4560 7789
4561 88
4562 5382
4563 8688
4564 6386
4565 231
4566 6046
4567 960
4568 4100
4569 3986
4570 2387
4571 7569
4572 1052
4573 4569
4574 1795
4575 7255
4576 8892
4577 4222
4578 6076
4579 8284
4580 7591
4581 4720
4582 1264
4583 128
4584 4798
4585 6953
4586 2857
4587 1123
4588 2876
4589 5161
4590 6149
4591 6933
4592 1349
4593 69
4594 8923
4595 4826
4596 727
4597 1461
4598 4334
4599 6432
4600 9219
4601 3496
4602 1523
4603 3240
4604 2456
4605 1255
4606 9543
4607 2300
4608 3531
4609 5069
4610 9442
4611 8370
4612 1593
4613 517
4614 4193
4615 7645
4616 8716
4617 2164
4618 9884
4619 1035
4620 5628
4621 2184
4622 936
4623 1156
4624 2502
4625 7289
4626 7170
4627 2386
4628 6718
4629 2912
4630 2956
4631 6610
4632 7314
4633 8864
4634 8424
4635 3243
4636 6780
4637 6331
4638 829
4639 2374
4640 354
4641 5378
4642 7005
4643 3526
4644 1579
4645 4246
4646 2810
4647 8338
4648 1771
4649 6654
4650 6051
4651 3919
4652 7321
4653 2232
4654 8786
4655 1901
4656 9155
4657 5795
4658 9291
4659 1167
4660 4097
4661 1864
4662 4876
4663 1631
4664 556
4665 6230
4666 3843
4667 8111
4668 7305
4669 2162
4670 1372
4671 2417
4672 5301
4673 8655
4674 8299
4675 7914
4676 1582
4677 394
4678 9470
4679 4510
4680 678
4681 4150
4682 7805
4683 4455
4684 9279
4685 1791
4686 7109
4687 9476
4688 8988
4689 2126
4690 6552
4691 6060
4692 8774
4693 5078
4694 5837
4695 9009
4696 1120
4697 2966
4698 3888
4699 4624
4700 7585
4701 3191
4702 2460
4703 2531
4704 745
4705 905
4706 4516
4707 9400
4708 8831
4709 8290
4710 1002
4711 8913
4712 7917
4713 8053
4714 6595
4715 8837
4716 94
4717 7861
4718 238
4719 2195
4720 3032
4721 8724
4722 7364
4723 9577
4724 8524
4725 1413
4726 4577
4727 5901
4728 6776
4729 1992
4730 617
4731 2301
4732 2722
4733 6232
4734 6676
4735 5827
4736 7068
4737 5524
4738 2366
4739 6172
4740 5965
4741 298
4742 4207
4743 7976
4744 2932
4745 1658
4746 7587
4747 2587
4748 1943
4749 8699
4750 8364
4751 904
4752 9976
4753 7208
4754 8057
4755 6873
4756 1284
4757 4752
4758 4459
4759 5834
4760 3437
4761 5735
4762 4982
4763 6177
4764 4706
4765 8798
4766 131
4767 9793
4768 6843
4769 5493
4770 4101
4771 4799
4772 1037
4773 5328
4774 2609
4775 4825
4776 9856
4777 609
4778 7263
4779 2461
4780 7165
4781 6353
4782 4340
4783 5682
4784 1297
4785 3486
4786 7272
4787 7835
4788 3371
4789 9567
4790 4050
4791 6346
4792 8539
4793 165
4794 8356
4795 514
4796 6591
4797 463
4798 6064
4799 5930
4800 3873
4801 7985
4802 3946
4803 5278
4804 4313
4805 3251
4806 1351
4807 634
4808 1652
4809 4304
4810 533
4811 1907
4812 5924
4813 2840
4814 3779
4815 5759
4816 6000
4817 2375
4818 3034
4819 2093
4820 2052
4821 3670
4822 4391
4823 65
4824 9034
4825 2895
4826 9133
4827 3806
4828 9621
4829 7822
4830 6359
4831 4830
4832 8165
4833 4602
4834 9386
4835 7150
4836 8199
4837 6122
4838 7442
4839 2265
4840 2702
4841 2710
4842 5699
4843 6745
4844 185
4845 7147
4846 563
4847 8002
4848 2797
4849 6851
4850 4234
4851 7928
4852 9262
4853 1469
4854 8729
4855 3340
4856 9891
4857 1114
4858 8363
4859 9614
4860 3491
4861 8921
4862 4679
4863 1935
4864 2478
4865 9658
4866 5522
4867 4030
4868 1259
4869 1319
4870 6217
4871 6366
4872 9398
4873 3011
4874 3165
4875 6399
4876 4584
4877 7846
4878 5147
4879 5970
4880 6980
4881 3682
4882 4443
4883 2742
4884 1344
4885 7744
4886 6136
4887 2250
4888 2999
4889 6132
4890 7235
4891 1559
4892 3397
4893 4346
4894 4283
4895 3367
4896 2098
4897 5235
4898 5890
4899 3595
4900 1811
4901 1719
4902 9521
4903 9460
4904 2153
4905 193
4906 7337
4907 2991
4908 4556
4909 7192
4910 5489
4911 961
4912 6984
4913 2014
4914 9689
4915 6133
4916 6050
4917 4850
4918 3484
4919 9061
4920 3543
4921 4322
4922 8571
4923 4206
4924 7834
4925 4385
4926 6104
4927 3282
4928 4289
4929 6163
4930 5480
4931 1407
4932 1698
4933 8085
4934 1542
4935 8151
4936 8428
4937 6173
4938 3498
4939 2246
4940 3872
4941 2418
4942 8489
4943 280
4944 9067
4945 3845
4946 4731
4947 926
4948 7258
4949 1230
4950 8224
4951 9782
4952 4092
4953 2391
4954 1852
4955 7808
4956 210
4957 9862
4958 3258
4959 3952
4960 5043
4961 3146
4962 9496
4963 405
4964 706
4965 7346
4966 601
4967 268
4968 4944
4969 1092
4970 8918
4971 2712
4972 6706
4973 4416
4974 9865
4975 1750
4976 289
4977 9346
4978 9554
4979 2760
4980 5099
4981 520
4982 1309
4983 5994
4984 8617
4985 5636
4986 7021
4987 1227
4988 1452
4989 4
4990 266
4991 1768
4992 8871
4993 5542
4994 1484
4995 5629
4996 6704
4997 2331
4998 6249
4999 1219
5000 8970
5001 1694
5002 5943
5003 3064
5004 9305
5005 5703
5006 9958
5007 2768
5008 4396
5009 703
5010 9351
5011 782
5012 6112
5013 6009
5014 7223
5015 2646
5016 6864
5017 6383
5018 8063
5019 3075
5020 5065
5021 5860
5022 4439
5023 3041
5024 6055
5025 5721
5026 2481
5027 400
5028 4405
5029 3796
5030 7904
5031 9853
5032 8714
5033 4847
5034 3295
5035 1740
5036 243
5037 1653
5038 5777
5039 9923
5040 4237
5041 7714
5042 5893
5043 2825
5044 776
5045 1473
5046 1220
5047 4368
5048 7889
5049 272
5050 7089
5051 2600
5052 4728
5053 2580
5054 6490
5055 786
5056 4324
5057 7775
5058 5488
5059 442
5060 606
5061 3016
5062 4564
5063 5448
5064 1963
5065 3072
5066 6891
5067 297
5068 7637
5069 2897
5070 8018
5071 1637
5072 7275
5073 3853
5074 1716
5075 4837
5076 8281
5077 1131
5078 3830
5079 9335
5080 2442
5081 9115
5082 6954
5083 2693
5084 9378
5085 2679
5086 6802
5087 5368
5088 1305
5089 7739
5090 9201
5091 5005
5092 5738
5093 6901
5094 1814
5095 4547
5096 4892
5097 8413
5098 430
5099 3744
5100 7891
5101 5931
5102 9954
5103 7207
5104 2117
5105 3967
5106 3688
5107 7056
5108 8942
5109 9393
5110 1129
5111 9368
5112 3430
5113 9983
5114 9166
5115 7211
5116 1752
5117 5799
5118 3476
5119 4818
5120 4509
5121 2666
5122 5432
5123 9128
5124 3923
5125 1526
5126 6130
5127 3598
5128 3826
5129 3452
5130 8004
5131 3599
5132 1870
5133 7100
5134 9108
5135 3303
5136 9191
5137 4248
5138 3913
5139 6730
5140 1928
5141 7186
5142 5072
5143 8222
5144 9980
5145 5180
5146 4763
5147 5118
5148 4134
5149 4609
5150 3414
5151 7095
5152 7633
5153 4595
5154 1347
5155 3489
5156 9795
5157 7299
5158 9328
5159 7445
5160 147
5161 5817
5162 3257
5163 1211
5164 9548
5165 8384
5166 3198
5167 6439
5168 2282
5169 3411
5170 9615
5171 9427
5172 9630
5173 6074
5174 638
5175 1988
5176 8815
5177 7729
5178 978
5179 9273
5180 3207
5181 1311
5182 1754
5183 8431
5184 1876
5185 8321
5186 8704
5187 5442
5188 9597
5189 3365
5190 1965
5191 2237
5192 680
5193 8710
5194 843
5195 6420
5196 2653
5197 676
5198 4372
5199 9173
5200 5342
5201 6926
5202 8357
5203 2514
5204 5632
5205 2000
5206 150
5207 2291
5208 574
5209 6946
5210 6430
5211 3947
5212 6275
5213 4626
5214 5926
5215 984
5216 8862
5217 7394
5218 393
5219 7825
5220 349
5221 6612
5222 2561
5223 8348
5224 7894
5225 8372
5226 4558
5227 3905
5228 6186
5229 4232
5230 4904
5231 8282
5232 8566
5233 5396
5234 1154
5235 2741
5236 8832
5237 9099
5238 8446
5239 7718
5240 7063
5241 7797
5242 4226
5243 2255
5244 9421
5245 5770
5246 4288
5247 8849
5248 5906
5249 3998
5250 5987
5251 2794
5252 6752
5253 219
5254 4895
5255 5889
5256 6123
5257 7426
5258 2917
5259 1466
5260 6270
5261 1877
5262 2295
5263 461
5264 2733
5265 5867
5266 9868
5267 9939
5268 1132
5269 2121
5270 7845
5271 5083
5272 7661
5273 2155
5274 818
5275 7103
5276 814
5277 6294
5278 6160
5279 7586
5280 5841
5281 4697
5282 9560
5283 4789
5284 3703
5285 6857
5286 6944
5287 2828
5288 5157
5289 2399
5290 7767
5291 4897
5292 7903
5293 4729
5294 2452
5295 876
5296 8844
5297 2998
5298 4632
5299 6080
5300 4650
5301 9124
5302 5256
5303 2981
5304 9571
5305 148
5306 8118
5307 5135
5308 8847
5309 6689
5310 7554
5311 2119
5312 9849
5313 4255
5314 5096
5315 9031
5316 341
5317 8744
5318 4083
5319 9624
5320 5606
5321 4949
5322 166
5323 8474
5324 8122
5325 9765
5326 8989
5327 9299
5328 9821
5329 6738
5330 8033
5331 9210
5332 5329
5333 8499
5334 719
5335 608
5336 1029
5337 155
5338 8184
5339 2206
5340 996
5341 9280
5342 4588
5343 136
5344 2992
5345 8071
5346 9517
5347 4950
5348 5485
5349 6239
5350 5948
5351 5615
5352 971
5353 9875
5354 4848
5355 5627
5356 8128
5357 3854
5358 4537
5359 2833
5360 3492
5361 3720
5362 476
5363 9343
5364 4014
5365 277
5366 2745
5367 6765
5368 4495
5369 1159
5370 1005
5371 8238
5372 2125
5373 7934
5374 5315
5375 8143
5376 1687
5377 3145
5378 9068
5379 2606
5380 6919
5381 513
5382 6057
5383 6592
5384 736
5385 6861
5386 9590
5387 2556
5388 7013
5389 3859
5390 9728
5391 623
5392 8394
5393 4105
5394 6541
5395 5189
5396 379
5397 5718
5398 8283
5399 3307
5400 5131
5401 4807
5402 8884
5403 7518
5404 5767
5405 4717
5406 1899
5407 1053
5408 5357
5409 230
5410 6171
5411 7025
5412 2655
5413 315
5414 5847
5415 947
5416 4878
5417 214
5418 5803
5419 3234
5420 3958
5421 8453
5422 3025
5423 3435
5424 2213
5425 4236
5426 3921
5427 6167
5428 8681
5429 5266
5430 8216
5431 3419
5432 2017
5433 68
5434 2411
5435 8958
5436 2276
5437 3050
5438 8436
5439 3605
5440 1545
5441 8616
5442 7313
5443 3210
5444 6047
5445 6965
5446 5712
5447 2517
5448 1946
5449 2240
5450 4261
5451 816
5452 3721
5453 8480
5454 4872
5455 358
5456 532
5457 3874
5458 6517
5459 9030
5460 8697
5461 8675
5462 9044
5463 2990
5464 4143
5465 1705
5466 1243
5467 5345
5468 5134
5469 3840
5470 9475
5471 2752
5472 1145
5473 8682
5474 4286
5475 5618
5476 912
5477 3807
5478 1201
5479 5056
5480 9342
5481 9162
5482 9988
5483 6502
5484 6816
5485 6056
5486 8512
5487 8115
5488 922
5489 5380
5490 4153
5491 3214
5492 3887
5493 1200
5494 9230
5495 4999
5496 1804
5497 8861
5498 3488
5499 6204
5500 3194
5501 6197
5502 4636
5503 8683
5504 1553
5505 108
5506 5696
5507 9028
5508 4487
5509 3837
5510 8547
5511 1296
5512 855
5513 9119
5514 130
5515 8554
5516 1512
5517 2943
5518 3681
5519 516
5520 1887
5521 5562
5522 4069
5523 1157
5524 3269
5525 9831
5526 925
5527 7795
5528 2189
5529 8872
5530 4186
5531 7241
5532 2737
5533 3603
5534 9978
5535 5769
5536 6140
5537 6489
5538 2700
5539 5504
5540 6821
5541 7770
5542 7455
5543 5024
5544 769
5545 8521
5546 2044
5547 5363
5548 305
5549 8339